7503 7502 1 107
0 1 213
0 2 5429
0 3 6931
0 4 4857
0 5 1524
0 6 6838
0 7 1647
0 8 3468
0 9 2603
0 10 937
0 11 3760
0 12 6858
0 13 871
0 14 2242
0 15 7252
0 16 1348
0 17 2396
0 18 1010
0 19 6174
0 20 2512
0 21 7420
0 22 330
0 23 6621
0 24 966
0 25 1457
0 26 2056
0 27 1192
0 28 223
0 29 7223
0 30 1821
0 31 6587
0 32 2628
0 33 2757
0 34 3248
0 35 262
0 36 7023
0 37 4181
0 38 1776
0 39 908
0 40 1414
0 41 5910
0 42 6434
0 43 802
0 44 2789
0 45 2628
0 46 2346
0 47 3068
0 48 5631
0 49 4061
0 50 3449
0 51 1444
0 52 4449
0 53 1964
0 54 5735
0 55 3844
0 56 2994
0 57 2611
0 58 7489
0 59 1006
0 60 3372
0 61 4738
0 62 5131
0 63 2040
0 64 4268
0 65 1024
0 66 844
0 67 4170
0 68 252
0 69 1714
0 70 97
0 71 5010
0 72 6627
0 73 762
0 74 4475
0 75 2154
0 76 6729
0 77 4368
0 78 7484
0 79 3575
0 80 1988
0 81 2015
0 82 4693
0 83 4805
0 84 1649
0 85 1407
0 86 2943
0 87 4472
0 88 2313
0 89 79
0 90 1375
0 91 3739
0 92 3656
0 93 6953
0 94 5569
0 95 1212
0 96 3618
0 97 2527
0 98 6379
0 99 4351
0 100 7162
0 101 5505
0 102 5856
0 103 5233
0 104 2467
0 105 3769
0 106 3183
0 107 3894
0 108 4335
0 109 2038
0 110 2492
0 111 6417
0 112 939
0 113 2905
0 114 2489
0 115 7177
0 116 3519
0 117 3939
0 118 1288
0 119 3706
0 120 2531
0 121 3483
0 122 2549
0 123 584
0 124 2920
0 125 5501
0 126 140
0 127 7045
0 128 5563
0 129 5546
0 130 5191
0 131 5214
0 132 4964
0 133 1318
0 134 6409
0 135 2686
0 136 3292
0 137 2555
0 138 2094
0 139 7335
0 140 1389
0 141 4241
0 142 6037
0 143 4822
0 144 4495
0 145 4144
0 146 7280
0 147 6702
0 148 2844
0 149 660
0 150 3661
0 151 3816
0 152 1503
0 153 3714
0 154 2275
0 155 4200
0 156 6137
0 157 7431
0 158 6662
0 159 301
0 160 1737
0 161 4634
0 162 4808
0 163 5375
0 164 3241
0 165 5341
0 166 4413
0 167 6316
0 168 4695
0 169 6287
0 170 1195
0 171 7235
0 172 4048
0 173 6213
0 174 7069
0 175 6598
0 176 646
0 177 2177
0 178 5921
0 179 7218
0 180 7022
0 181 4823
0 182 5748
0 183 3429
0 184 60
0 185 2183
0 186 2984
0 187 1703
0 188 4875
0 189 1678
0 190 224
0 191 1587
0 192 1753
0 193 117
0 194 6935
0 195 2408
0 196 7205
0 197 5386
0 198 3589
0 199 905
0 200 6010
0 201 6628
0 202 6128
0 203 65
0 204 315
0 205 846
0 206 3104
0 207 897
0 208 3636
0 209 3966
0 210 7458
0 211 35
0 212 3306
0 213 2073
0 214 1542
0 215 5485
0 216 787
0 217 2088
0 218 4802
0 219 1675
0 220 2098
0 221 95
0 222 2760
0 223 2597
0 224 7484
0 225 849
0 226 5452
0 227 347
0 228 4678
0 229 4681
0 230 1215
0 231 1583
0 232 5566
0 233 2541
0 234 3232
0 235 6519
0 236 6583
0 237 430
0 238 6961
0 239 6453
0 240 2200
0 241 502
0 242 2860
0 243 685
0 244 4587
0 245 209
0 246 5849
0 247 1778
0 248 3269
0 249 2141
0 250 2024
0 251 2161
0 252 4360
0 253 5915
0 254 3734
0 255 107
0 256 1269
0 257 7213
0 258 3422
0 259 957
0 260 2842
0 261 3346
0 262 7117
0 263 538
0 264 5434
0 265 2743
0 266 5021
0 267 6739
0 268 1344
0 269 2659
0 270 7257
0 271 5588
0 272 5815
0 273 795
0 274 2533
0 275 383
0 276 854
0 277 6675
0 278 6517
0 279 1431
0 280 4559
0 281 6823
0 282 884
0 283 2155
0 284 7103
0 285 272
0 286 5920
0 287 1488
0 288 1960
0 289 2088
0 290 3589
0 291 6186
0 292 7264
0 293 1146
0 294 2171
0 295 6832
0 296 6679
0 297 2736
0 298 3941
0 299 1571
0 300 2965
0 301 6866
0 302 1173
0 303 709
0 304 5190
0 305 5387
0 306 1562
0 307 325
0 308 234
0 309 1306
0 310 4707
0 311 1653
0 312 4225
0 313 7400
0 314 1782
0 315 370
0 316 2620
0 317 1460
0 318 140
0 319 1428
0 320 5656
0 321 5667
0 322 5627
0 323 707
0 324 606
0 325 3002
0 326 319
0 327 1076
0 328 6607
0 329 3789
0 330 6361
0 331 7353
0 332 939
0 333 7281
0 334 1191
0 335 6809
0 336 3044
0 337 72
0 338 4208
0 339 5411
0 340 199
0 341 3856
0 342 2639
0 343 7491
0 344 64
0 345 143
0 346 60
0 347 1982
0 348 3333
0 349 4911
0 350 788
0 351 466
0 352 5924
0 353 2880
0 354 3379
0 355 153
0 356 665
0 357 3227
0 358 6304
0 359 7240
0 360 3509
0 361 694
0 362 6085
0 363 5848
0 364 3357
0 365 3294
0 366 3097
0 367 7213
0 368 5072
0 369 2444
0 370 6915
0 371 5257
0 372 6100
0 373 952
0 374 4826
0 375 1818
0 376 1121
0 377 873
0 378 2991
0 379 6377
0 380 2280
0 381 2949
0 382 5556
0 383 2228
0 384 837
0 385 2950
0 386 636
0 387 4873
0 388 3101
0 389 1287
0 390 667
0 391 7371
0 392 183
0 393 7030
0 394 6096
0 395 3803
0 396 4441
0 397 6190
0 398 980
0 399 5334
0 400 6472
0 401 5857
0 402 5044
0 403 686
0 404 1150
0 405 6894
0 406 7343
0 407 3366
0 408 3182
0 409 3163
0 410 4518
0 411 7148
0 412 1604
0 413 1319
0 414 2175
0 415 420
0 416 5225
0 417 1124
0 418 102
0 419 1158
0 420 5937
0 421 1044
0 422 1762
0 423 6356
0 424 5160
0 425 4630
0 426 1556
0 427 1414
0 428 777
0 429 4390
0 430 2242
0 431 2929
0 432 6184
0 433 1934
0 434 3900
0 435 6485
0 436 3697
0 437 2855
0 438 1820
0 439 425
0 440 5778
0 441 7120
0 442 3016
0 443 1596
0 444 4584
0 445 6644
0 446 1948
0 447 1329
0 448 4126
0 449 3162
0 450 2179
0 451 287
0 452 4816
0 453 6004
0 454 6494
0 455 6665
0 456 3456
0 457 3609
0 458 4309
0 459 6099
0 460 1574
0 461 6480
0 462 4324
0 463 4081
0 464 1374
0 465 1083
0 466 969
0 467 1636
0 468 6428
0 469 5180
0 470 7437
0 471 2138
0 472 4678
0 473 862
0 474 4045
0 475 1747
0 476 3851
0 477 6199
0 478 2232
0 479 96
0 480 102
0 481 6356
0 482 673
0 483 6981
0 484 5244
0 485 5080
0 486 7319
0 487 1606
0 488 1594
0 489 5611
0 490 3375
0 491 1724
0 492 642
0 493 5687
0 494 3736
0 495 3715
0 496 1224
0 497 4476
0 498 4907
0 499 5117
0 500 5162
0 501 7352
0 502 4931
0 503 5734
0 504 4140
0 505 1550
0 506 2591
0 507 822
0 508 4655
0 509 6664
0 510 5429
0 511 3679
0 512 1448
0 513 3511
0 514 4846
0 515 422
0 516 5600
0 517 6582
0 518 5258
0 519 1820
0 520 2332
0 521 3044
0 522 7209
0 523 1127
0 524 7173
0 525 2386
0 526 4790
0 527 1835
0 528 892
0 529 2061
0 530 2308
0 531 6077
0 532 837
0 533 2499
0 534 2593
0 535 6018
0 536 2669
0 537 6853
0 538 2818
0 539 1261
0 540 372
0 541 4866
0 542 2754
0 543 2375
0 544 2436
0 545 4226
0 546 5118
0 547 3763
0 548 6626
0 549 706
0 550 6377
0 551 4042
0 552 7426
0 553 1592
0 554 3433
0 555 3850
0 556 716
0 557 4100
0 558 7345
0 559 1539
0 560 2034
0 561 2571
0 562 3186
0 563 1652
0 564 4258
0 565 3147
0 566 5027
0 567 889
0 568 2514
0 569 5969
0 570 1072
0 571 5223
0 572 1747
0 573 2027
0 574 722
0 575 7334
0 576 1847
0 577 3352
0 578 4606
0 579 7115
0 580 1933
0 581 566
0 582 5552
0 583 7332
0 584 1854
0 585 5970
0 586 1862
0 587 3646
0 588 702
0 589 1003
0 590 4823
0 591 3504
0 592 2547
0 593 4737
0 594 243
0 595 4936
0 596 4094
0 597 5238
0 598 2129
0 599 3587
0 600 4918
0 601 6116
0 602 884
0 603 5557
0 604 1371
0 605 6519
0 606 4159
0 607 4011
0 608 6953
0 609 7025
0 610 5347
0 611 7045
0 612 2505
0 613 3918
0 614 5461
0 615 3585
0 616 5116
0 617 1401
0 618 4493
0 619 6240
0 620 6415
0 621 2666
0 622 5947
0 623 6748
0 624 6825
0 625 7093
0 626 2860
0 627 721
0 628 3627
0 629 837
0 630 1855
0 631 2419
0 632 4607
0 633 3288
0 634 1950
0 635 2337
0 636 5223
0 637 1859
0 638 1185
0 639 6982
0 640 1508
0 641 7397
0 642 6307
0 643 3828
0 644 1933
0 645 2651
0 646 7086
0 647 799
0 648 179
0 649 2152
0 650 7493
0 651 3299
0 652 2509
0 653 6058
0 654 747
0 655 369
0 656 5242
0 657 5671
0 658 5097
0 659 2769
0 660 1767
0 661 2175
0 662 5718
0 663 6549
0 664 2805
0 665 4760
0 666 7169
0 667 2097
0 668 1892
0 669 1221
0 670 2731
0 671 381
0 672 268
0 673 5149
0 674 1386
0 675 214
0 676 6434
0 677 6826
0 678 4969
0 679 6544
0 680 3767
0 681 2995
0 682 1203
0 683 5965
0 684 6010
0 685 5802
0 686 4054
0 687 3808
0 688 2173
0 689 286
0 690 7436
0 691 2054
0 692 4534
0 693 6121
0 694 6035
0 695 208
0 696 7234
0 697 5818
0 698 2589
0 699 834
0 700 2086
0 701 5177
0 702 3790
0 703 1445
0 704 4730
0 705 1984
0 706 5917
0 707 7405
0 708 6826
0 709 5634
0 710 6199
0 711 4222
0 712 7098
0 713 2483
0 714 911
0 715 7340
0 716 4308
0 717 2904
0 718 2512
0 719 4842
0 720 987
0 721 4790
0 722 5297
0 723 3516
0 724 559
0 725 2454
0 726 168
0 727 730
0 728 1336
0 729 2770
0 730 1963
0 731 5752
0 732 1880
0 733 929
0 734 1644
0 735 490
0 736 2373
0 737 631
0 738 152
0 739 3557
0 740 2568
0 741 925
0 742 6678
0 743 82
0 744 1611
0 745 194
0 746 3828
0 747 1474
0 748 6909
0 749 1539
0 750 4804
0 751 1074
0 752 6041
0 753 6040
0 754 6032
0 755 5537
0 756 1355
0 757 2342
0 758 7057
0 759 3278
0 760 5830
0 761 1218
0 762 967
0 763 3259
0 764 7212
0 765 1353
0 766 2141
0 767 417
0 768 4938
0 769 4842
0 770 782
0 771 3298
0 772 6968
0 773 3691
0 774 2603
0 775 707
0 776 1014
0 777 1476
0 778 1337
0 779 7404
0 780 1183
0 781 2770
0 782 3682
0 783 3458
0 784 933
0 785 4165
0 786 3664
0 787 1475
0 788 1045
0 789 7104
0 790 2913
0 791 3347
0 792 4140
0 793 1509
0 794 4453
0 795 6742
0 796 1890
0 797 3205
0 798 1930
0 799 7219
0 800 2640
0 801 1630
0 802 4426
0 803 5972
0 804 4459
0 805 5580
0 806 3485
0 807 2757
0 808 2238
0 809 3206
0 810 4259
0 811 97
0 812 4885
0 813 4552
0 814 2451
0 815 5520
0 816 259
0 817 1085
0 818 2157
0 819 6154
0 820 866
0 821 5456
0 822 534
0 823 7027
0 824 4715
0 825 1035
0 826 1953
0 827 3277
0 828 6841
0 829 6403
0 830 715
0 831 4712
0 832 4442
0 833 2308
0 834 1877
0 835 1612
0 836 6340
0 837 7382
0 838 2132
0 839 6745
0 840 3967
0 841 5278
0 842 588
0 843 4008
0 844 5365
0 845 502
0 846 4715
0 847 3880
0 848 2604
0 849 1733
0 850 1639
0 851 3343
0 852 5180
0 853 768
0 854 5509
0 855 2981
0 856 3975
0 857 5710
0 858 7180
0 859 2174
0 860 3859
0 861 2246
0 862 6762
0 863 2316
0 864 3298
0 865 5431
0 866 3362
0 867 2482
0 868 4529
0 869 4784
0 870 4668
0 871 2499
0 872 1123
0 873 1106
0 874 5259
0 875 5031
0 876 2598
0 877 2873
0 878 132
0 879 237
0 880 2791
0 881 1809
0 882 7434
0 883 5781
0 884 2954
0 885 3554
0 886 3976
0 887 2716
0 888 4837
0 889 3950
0 890 3523
0 891 3432
0 892 6351
0 893 4951
0 894 3373
0 895 4270
0 896 6162
0 897 6598
0 898 3791
0 899 50
0 900 2802
0 901 3381
0 902 2506
0 903 5443
0 904 7376
0 905 5644
0 906 124
0 907 1036
0 908 4434
0 909 4574
0 910 3923
0 911 2138
0 912 2144
0 913 6304
0 914 4033
0 915 3417
0 916 6035
0 917 1471
0 918 2882
0 919 1077
0 920 1713
0 921 6476
0 922 1309
0 923 4778
0 924 840
0 925 3117
0 926 175
0 927 911
0 928 5968
0 929 2430
0 930 2499
0 931 7251
0 932 3317
0 933 906
0 934 3125
0 935 2093
0 936 2623
0 937 4098
0 938 1476
0 939 1096
0 940 3325
0 941 5665
0 942 7106
0 943 4451
0 944 213
0 945 5461
0 946 2865
0 947 4913
0 948 6128
0 949 5091
0 950 2738
0 951 747
0 952 3012
0 953 6505
0 954 3044
0 955 4891
0 956 4234
0 957 5509
0 958 7090
0 959 7407
0 960 4903
0 961 2059
0 962 5248
0 963 1215
0 964 5083
0 965 2246
0 966 2055
0 967 3796
0 968 3270
0 969 5967
0 970 28
0 971 3751
0 972 5111
0 973 3095
0 974 3753
0 975 3141
0 976 6570
0 977 808
0 978 4785
0 979 5638
0 980 54
0 981 1360
0 982 1593
0 983 6735
0 984 369
0 985 3792
0 986 2654
0 987 6916
0 988 280
0 989 16
0 990 2338
0 991 4506
0 992 3386
0 993 6911
0 994 484
0 995 294
0 996 5493
0 997 7185
0 998 632
0 999 7232
0 1000 6959
0 1001 1259
0 1002 5931
0 1003 6495
0 1004 2224
0 1005 3717
0 1006 4002
0 1007 6761
0 1008 995
0 1009 407
0 1010 74
0 1011 7418
0 1012 2772
0 1013 2901
0 1014 1315
0 1015 7388
0 1016 2178
0 1017 3862
0 1018 4005
0 1019 2696
0 1020 5869
0 1021 205
0 1022 7460
0 1023 1309
0 1024 6343
0 1025 3664
0 1026 838
0 1027 53
0 1028 6294
0 1029 2902
0 1030 3247
0 1031 4666
0 1032 64
0 1033 3513
0 1034 3753
0 1035 1032
0 1036 5233
0 1037 1782
0 1038 3284
0 1039 3680
0 1040 2533
0 1041 2322
0 1042 1204
0 1043 4302
0 1044 827
0 1045 1464
0 1046 4070
0 1047 6395
0 1048 819
0 1049 3769
0 1050 2381
0 1051 6308
0 1052 2737
0 1053 3519
0 1054 4790
0 1055 3732
0 1056 1920
0 1057 2530
0 1058 5611
0 1059 5270
0 1060 2103
0 1061 6236
0 1062 5092
0 1063 3705
0 1064 5472
0 1065 2794
0 1066 256
0 1067 6047
0 1068 7317
0 1069 1444
0 1070 5592
0 1071 1130
0 1072 1206
0 1073 6404
0 1074 2570
0 1075 1542
0 1076 1655
0 1077 3450
0 1078 5581
0 1079 274
0 1080 4664
0 1081 827
0 1082 3007
0 1083 2762
0 1084 4999
0 1085 5055
0 1086 6969
0 1087 1794
0 1088 2529
0 1089 2496
0 1090 1536
0 1091 6669
0 1092 160
0 1093 3659
0 1094 4413
0 1095 4788
0 1096 4792
0 1097 1674
0 1098 1122
0 1099 3655
0 1100 4019
0 1101 993
0 1102 4961
0 1103 5910
0 1104 1798
0 1105 3271
0 1106 4990
0 1107 6107
0 1108 4797
0 1109 3423
0 1110 4626
0 1111 888
0 1112 3320
0 1113 1643
0 1114 534
0 1115 4812
0 1116 7388
0 1117 2311
0 1118 445
0 1119 2846
0 1120 1811
0 1121 816
0 1122 7034
0 1123 4952
0 1124 5322
0 1125 6553
0 1126 519
0 1127 1186
0 1128 1140
0 1129 2525
0 1130 4976
0 1131 2950
0 1132 3505
0 1133 1884
0 1134 1998
0 1135 658
0 1136 4570
0 1137 7073
0 1138 6973
0 1139 1410
0 1140 5419
0 1141 7076
0 1142 277
0 1143 3434
0 1144 3150
0 1145 2823
0 1146 1548
0 1147 2886
0 1148 4248
0 1149 4682
0 1150 6722
0 1151 1559
0 1152 1896
0 1153 1279
0 1154 4686
0 1155 1769
0 1156 2300
0 1157 6194
0 1158 3272
0 1159 7023
0 1160 6117
0 1161 5220
0 1162 1099
0 1163 2489
0 1164 6811
0 1165 4455
0 1166 2352
0 1167 1111
0 1168 6020
0 1169 2971
0 1170 5948
0 1171 5349
0 1172 288
0 1173 5509
0 1174 2931
0 1175 5439
0 1176 4000
0 1177 770
0 1178 4048
0 1179 2905
0 1180 5298
0 1181 4214
0 1182 593
0 1183 6719
0 1184 6667
0 1185 432
0 1186 4779
0 1187 3242
0 1188 680
0 1189 2999
0 1190 326
0 1191 1234
0 1192 3067
0 1193 5911
0 1194 1724
0 1195 4533
0 1196 7077
0 1197 1951
0 1198 2479
0 1199 2827
0 1200 7156
0 1201 7164
0 1202 1785
0 1203 4764
0 1204 2314
0 1205 7228
0 1206 770
0 1207 4761
0 1208 7466
0 1209 1642
0 1210 3731
0 1211 4235
0 1212 116
0 1213 97
0 1214 938
0 1215 1417
0 1216 1239
0 1217 1357
0 1218 6259
0 1219 6944
0 1220 3682
0 1221 3307
0 1222 2904
0 1223 3360
0 1224 6327
0 1225 4529
0 1226 5758
0 1227 806
0 1228 574
0 1229 7015
0 1230 2650
0 1231 7208
0 1232 2466
0 1233 6861
0 1234 5521
0 1235 5971
0 1236 1506
0 1237 2625
0 1238 5549
0 1239 5109
0 1240 3118
0 1241 1134
0 1242 2710
0 1243 452
0 1244 3149
0 1245 6179
0 1246 906
0 1247 7359
0 1248 4481
0 1249 5403
0 1250 5763
0 1251 2668
0 1252 5866
0 1253 6825
0 1254 781
0 1255 6021
0 1256 6726
0 1257 6775
0 1258 1530
0 1259 1742
0 1260 177
0 1261 4681
0 1262 679
0 1263 2976
0 1264 2430
0 1265 5303
0 1266 6134
0 1267 1228
0 1268 496
0 1269 7002
0 1270 6809
0 1271 3021
0 1272 2791
0 1273 2705
0 1274 5543
0 1275 6598
0 1276 4720
0 1277 1190
0 1278 5729
0 1279 3559
0 1280 4245
0 1281 2694
0 1282 3598
0 1283 908
0 1284 4920
0 1285 4179
0 1286 3783
0 1287 6920
0 1288 3578
0 1289 7126
0 1290 1554
0 1291 2492
0 1292 146
0 1293 4896
0 1294 187
0 1295 2465
0 1296 4275
0 1297 6753
0 1298 3771
0 1299 2268
0 1300 1523
0 1301 5294
0 1302 2657
0 1303 4865
0 1304 1547
0 1305 4099
0 1306 698
0 1307 7425
0 1308 7008
0 1309 5770
0 1310 423
0 1311 4891
0 1312 4374
0 1313 4132
0 1314 5264
0 1315 7133
0 1316 3655
0 1317 5392
0 1318 5036
0 1319 4092
0 1320 3460
0 1321 3072
0 1322 3023
0 1323 6655
0 1324 6598
0 1325 2242
0 1326 3102
0 1327 579
0 1328 4222
0 1329 6241
0 1330 1020
0 1331 5540
0 1332 464
0 1333 2601
0 1334 1757
0 1335 5859
0 1336 6457
0 1337 562
0 1338 1593
0 1339 6396
0 1340 5065
0 1341 3456
0 1342 5819
0 1343 1296
0 1344 206
0 1345 1889
0 1346 176
0 1347 504
0 1348 2495
0 1349 7120
0 1350 1485
0 1351 1422
0 1352 2914
0 1353 6144
0 1354 5568
0 1355 2549
0 1356 5508
0 1357 5959
0 1358 2156
0 1359 4808
0 1360 6980
0 1361 2575
0 1362 6889
0 1363 938
0 1364 2294
0 1365 5662
0 1366 5565
0 1367 5537
0 1368 2303
0 1369 6892
0 1370 5560
0 1371 1181
0 1372 3806
0 1373 1930
0 1374 1553
0 1375 3572
0 1376 1076
0 1377 6157
0 1378 7442
0 1379 4157
0 1380 4231
0 1381 4438
0 1382 7367
0 1383 3130
0 1384 3750
0 1385 874
0 1386 2229
0 1387 2714
0 1388 5729
0 1389 2419
0 1390 635
0 1391 5980
0 1392 5997
0 1393 3092
0 1394 5572
0 1395 2578
0 1396 4861
0 1397 6616
0 1398 2359
0 1399 7293
0 1400 3642
0 1401 632
0 1402 119
0 1403 3417
0 1404 5766
0 1405 1781
0 1406 2314
0 1407 7077
0 1408 2302
0 1409 6410
0 1410 5587
0 1411 6191
0 1412 1767
0 1413 6307
0 1414 3223
0 1415 5500
0 1416 5245
0 1417 3597
0 1418 1498
0 1419 5629
0 1420 6231
0 1421 916
0 1422 4879
0 1423 2761
0 1424 1215
0 1425 3902
0 1426 2688
0 1427 3781
0 1428 1637
0 1429 2001
0 1430 7205
0 1431 1835
0 1432 6260
0 1433 619
0 1434 6469
0 1435 1950
0 1436 6349
0 1437 5237
0 1438 6092
0 1439 3526
0 1440 3707
0 1441 4629
0 1442 74
0 1443 401
0 1444 629
0 1445 1583
0 1446 5416
0 1447 3929
0 1448 1691
0 1449 894
0 1450 3287
0 1451 1996
0 1452 6356
0 1453 4879
0 1454 7284
0 1455 1655
0 1456 1833
0 1457 1373
0 1458 789
0 1459 2334
0 1460 2702
0 1461 5758
0 1462 6985
0 1463 2719
0 1464 6932
0 1465 6960
0 1466 3232
0 1467 1584
0 1468 3323
0 1469 4676
0 1470 4436
0 1471 1962
0 1472 591
0 1473 7342
0 1474 796
0 1475 2810
0 1476 3963
0 1477 6787
0 1478 592
0 1479 5631
0 1480 2604
0 1481 887
0 1482 7190
0 1483 1223
0 1484 7044
0 1485 5132
0 1486 544
0 1487 6745
0 1488 2264
0 1489 5914
0 1490 2105
0 1491 7234
0 1492 1508
0 1493 1464
0 1494 1126
0 1495 4082
0 1496 6174
0 1497 3026
0 1498 3471
0 1499 4085
0 1500 7078
0 1501 7130
0 1502 6955
0 1503 4264
0 1504 5007
0 1505 1582
0 1506 2325
0 1507 5892
0 1508 5025
0 1509 5320
0 1510 3716
0 1511 6670
0 1512 5010
0 1513 4455
0 1514 4215
0 1515 194
0 1516 5629
0 1517 2403
0 1518 3678
0 1519 5453
0 1520 6940
0 1521 6447
0 1522 5799
0 1523 6682
0 1524 6124
0 1525 2355
0 1526 5124
0 1527 3152
0 1528 6253
0 1529 467
0 1530 2172
0 1531 686
0 1532 3115
0 1533 4269
0 1534 1045
0 1535 393
0 1536 2741
0 1537 2661
0 1538 908
0 1539 1078
0 1540 6941
0 1541 745
0 1542 804
0 1543 7430
0 1544 6158
0 1545 2017
0 1546 829
0 1547 1485
0 1548 5787
0 1549 7326
0 1550 5991
0 1551 5286
0 1552 761
0 1553 5170
0 1554 456
0 1555 848
0 1556 2482
0 1557 4315
0 1558 14
0 1559 2240
0 1560 5674
0 1561 2462
0 1562 744
0 1563 3318
0 1564 6551
0 1565 426
0 1566 427
0 1567 3155
0 1568 3838
0 1569 2417
0 1570 4727
0 1571 6775
0 1572 959
0 1573 5767
0 1574 2666
0 1575 4645
0 1576 300
0 1577 6759
0 1578 4406
0 1579 7395
0 1580 2076
0 1581 4918
0 1582 4589
0 1583 1839
0 1584 5901
0 1585 3312
0 1586 1602
0 1587 1113
0 1588 1387
0 1589 2873
0 1590 2650
0 1591 6745
0 1592 3931
0 1593 200
0 1594 1043
0 1595 1891
0 1596 876
0 1597 1570
0 1598 1361
0 1599 5938
0 1600 6314
0 1601 5960
0 1602 6640
0 1603 2832
0 1604 2435
0 1605 732
0 1606 6938
0 1607 132
0 1608 436
0 1609 888
0 1610 2253
0 1611 4173
0 1612 6423
0 1613 2347
0 1614 394
0 1615 3292
0 1616 4486
0 1617 2363
0 1618 3930
0 1619 814
0 1620 3758
0 1621 709
0 1622 2929
0 1623 4642
0 1624 2265
0 1625 1666
0 1626 5836
0 1627 1504
0 1628 1955
0 1629 1830
0 1630 1931
0 1631 7212
0 1632 442
0 1633 1663
0 1634 3937
0 1635 826
0 1636 5353
0 1637 1158
0 1638 1288
0 1639 5537
0 1640 5545
0 1641 4383
0 1642 6624
0 1643 4284
0 1644 3107
0 1645 2447
0 1646 138
0 1647 3916
0 1648 6422
0 1649 2845
0 1650 7326
0 1651 7255
0 1652 3383
0 1653 147
0 1654 4057
0 1655 2003
0 1656 5662
0 1657 2088
0 1658 3333
0 1659 240
0 1660 7498
0 1661 6468
0 1662 1746
0 1663 1035
0 1664 1980
0 1665 2199
0 1666 330
0 1667 6541
0 1668 551
0 1669 6437
0 1670 4463
0 1671 1603
0 1672 1353
0 1673 1502
0 1674 672
0 1675 2915
0 1676 2044
0 1677 4178
0 1678 3348
0 1679 5059
0 1680 2083
0 1681 1556
0 1682 341
0 1683 4185
0 1684 1163
0 1685 1168
0 1686 4794
0 1687 485
0 1688 2330
0 1689 3994
0 1690 417
0 1691 1877
0 1692 6097
0 1693 1402
0 1694 249
0 1695 1553
0 1696 1183
0 1697 5490
0 1698 7484
0 1699 6956
0 1700 1748
0 1701 4121
0 1702 2736
0 1703 646
0 1704 7340
0 1705 4778
0 1706 2758
0 1707 5696
0 1708 7249
0 1709 2162
0 1710 5099
0 1711 3653
0 1712 590
0 1713 301
0 1714 3972
0 1715 341
0 1716 5874
0 1717 641
0 1718 4959
0 1719 2084
0 1720 5505
0 1721 2670
0 1722 3653
0 1723 7159
0 1724 954
0 1725 6957
0 1726 1928
0 1727 1503
0 1728 1541
0 1729 2981
0 1730 458
0 1731 6537
0 1732 2518
0 1733 3154
0 1734 3962
0 1735 1076
0 1736 6454
0 1737 5261
0 1738 5663
0 1739 5730
0 1740 4118
0 1741 163
0 1742 1529
0 1743 2481
0 1744 5315
0 1745 5432
0 1746 625
0 1747 7399
0 1748 1400
0 1749 5342
0 1750 7426
0 1751 3616
0 1752 6131
0 1753 1927
0 1754 4286
0 1755 781
0 1756 1159
0 1757 840
0 1758 1309
0 1759 5442
0 1760 6304
0 1761 2913
0 1762 7279
0 1763 436
0 1764 7067
0 1765 5386
0 1766 1284
0 1767 4395
0 1768 5905
0 1769 7277
0 1770 1085
0 1771 7324
0 1772 6905
0 1773 2355
0 1774 4845
0 1775 1902
0 1776 3615
0 1777 1046
0 1778 3164
0 1779 4754
0 1780 1245
0 1781 6686
0 1782 5105
0 1783 5754
0 1784 4410
0 1785 7367
0 1786 5493
0 1787 4675
0 1788 7141
0 1789 5424
0 1790 2249
0 1791 2030
0 1792 1181
0 1793 3526
0 1794 4367
0 1795 6037
0 1796 1447
0 1797 65
0 1798 3152
0 1799 6925
0 1800 6388
0 1801 6677
0 1802 5673
0 1803 1495
0 1804 5736
0 1805 4289
0 1806 4275
0 1807 7358
0 1808 3589
0 1809 5803
0 1810 2856
0 1811 5
0 1812 2288
0 1813 1245
0 1814 237
0 1815 5984
0 1816 4282
0 1817 4332
0 1818 1868
0 1819 4206
0 1820 5461
0 1821 464
0 1822 6144
0 1823 6754
0 1824 7164
0 1825 2092
0 1826 3347
0 1827 2166
0 1828 103
0 1829 5330
0 1830 2079
0 1831 579
0 1832 86
0 1833 7080
0 1834 2989
0 1835 6237
0 1836 5350
0 1837 1929
0 1838 1134
0 1839 126
0 1840 4827
0 1841 337
0 1842 909
0 1843 5985
0 1844 1019
0 1845 4991
0 1846 108
0 1847 2895
0 1848 3937
0 1849 470
0 1850 704
0 1851 6971
0 1852 2040
0 1853 122
0 1854 447
0 1855 3430
0 1856 5198
0 1857 7167
0 1858 5271
0 1859 2130
0 1860 1319
0 1861 4974
0 1862 367
0 1863 2870
0 1864 3446
0 1865 6385
0 1866 3539
0 1867 5734
0 1868 3358
0 1869 1142
0 1870 6528
0 1871 2089
0 1872 1167
0 1873 5353
0 1874 207
0 1875 951
0 1876 1035
0 1877 6288
0 1878 2805
0 1879 5667
0 1880 2553
0 1881 3689
0 1882 711
0 1883 6506
0 1884 3174
0 1885 6720
0 1886 165
0 1887 4234
0 1888 1249
0 1889 312
0 1890 5360
0 1891 5178
0 1892 2525
0 1893 2187
0 1894 6896
0 1895 1631
0 1896 5876
0 1897 5512
0 1898 1740
0 1899 886
0 1900 2491
0 1901 4687
0 1902 7361
0 1903 4688
0 1904 2438
0 1905 1545
0 1906 1327
0 1907 397
0 1908 7074
0 1909 644
0 1910 4722
0 1911 542
0 1912 291
0 1913 414
0 1914 281
0 1915 3576
0 1916 525
0 1917 3698
0 1918 7124
0 1919 5902
0 1920 7019
0 1921 4378
0 1922 3270
0 1923 2779
0 1924 7497
0 1925 7310
0 1926 5576
0 1927 40
0 1928 6041
0 1929 1653
0 1930 7462
0 1931 7325
0 1932 338
0 1933 7465
0 1934 6603
0 1935 5211
0 1936 4452
0 1937 6154
0 1938 5757
0 1939 1777
0 1940 5718
0 1941 981
0 1942 2550
0 1943 4874
0 1944 6566
0 1945 3354
0 1946 2238
0 1947 655
0 1948 3125
0 1949 174
0 1950 174
0 1951 6274
0 1952 435
0 1953 2975
0 1954 5842
0 1955 3118
0 1956 631
0 1957 5829
0 1958 3886
0 1959 6353
0 1960 4355
0 1961 5276
0 1962 4233
0 1963 1356
0 1964 4358
0 1965 6778
0 1966 20
0 1967 6793
0 1968 2777
0 1969 1920
0 1970 5173
0 1971 1503
0 1972 3678
0 1973 4856
0 1974 4302
0 1975 3585
0 1976 7281
0 1977 3739
0 1978 6335
0 1979 1169
0 1980 4608
0 1981 6901
0 1982 7002
0 1983 2756
0 1984 6196
0 1985 1250
0 1986 1838
0 1987 3081
0 1988 6201
0 1989 2628
0 1990 4859
0 1991 7421
0 1992 4212
0 1993 618
0 1994 5275
0 1995 4028
0 1996 5384
0 1997 340
0 1998 2200
0 1999 4636
0 2000 708
0 2001 3386
0 2002 3186
0 2003 4435
0 2004 5278
0 2005 7483
0 2006 3280
0 2007 4438
0 2008 4330
0 2009 6067
0 2010 1748
0 2011 759
0 2012 1737
0 2013 2277
0 2014 1078
0 2015 1361
0 2016 2209
0 2017 7367
0 2018 1449
0 2019 1267
0 2020 1082
0 2021 4995
0 2022 7076
0 2023 1912
0 2024 3250
0 2025 2951
0 2026 5730
0 2027 584
0 2028 3354
0 2029 4500
0 2030 2764
0 2031 2545
0 2032 4054
0 2033 87
0 2034 2327
0 2035 2908
0 2036 212
0 2037 2958
0 2038 6100
0 2039 3284
0 2040 6104
0 2041 860
0 2042 4594
0 2043 4286
0 2044 1141
0 2045 1860
0 2046 1188
0 2047 931
0 2048 903
0 2049 503
0 2050 309
0 2051 741
0 2052 36
0 2053 4856
0 2054 2675
0 2055 5366
0 2056 861
0 2057 3305
0 2058 428
0 2059 2484
0 2060 4087
0 2061 6005
0 2062 4645
0 2063 6651
0 2064 3842
0 2065 1111
0 2066 4809
0 2067 464
0 2068 3046
0 2069 6305
0 2070 2675
0 2071 3811
0 2072 6977
0 2073 177
0 2074 662
0 2075 559
0 2076 2321
0 2077 5847
0 2078 1915
0 2079 644
0 2080 686
0 2081 3885
0 2082 5222
0 2083 3529
0 2084 5183
0 2085 6800
0 2086 4613
0 2087 2115
0 2088 2169
0 2089 3995
0 2090 877
0 2091 3145
0 2092 2754
0 2093 4262
0 2094 7092
0 2095 3668
0 2096 3105
0 2097 5544
0 2098 280
0 2099 364
0 2100 3454
0 2101 1416
0 2102 981
0 2103 5296
0 2104 3070
0 2105 4088
0 2106 4673
0 2107 4601
0 2108 7141
0 2109 1832
0 2110 1661
0 2111 2004
0 2112 952
0 2113 6239
0 2114 165
0 2115 3107
0 2116 1254
0 2117 4802
0 2118 5623
0 2119 5615
0 2120 3790
0 2121 2846
0 2122 5256
0 2123 5201
0 2124 410
0 2125 2308
0 2126 1381
0 2127 5907
0 2128 5865
0 2129 2013
0 2130 7320
0 2131 4065
0 2132 977
0 2133 2608
0 2134 7298
0 2135 6583
0 2136 1752
0 2137 3429
0 2138 6531
0 2139 1145
0 2140 2067
0 2141 2321
0 2142 5862
0 2143 4859
0 2144 5602
0 2145 2064
0 2146 3559
0 2147 4927
0 2148 2600
0 2149 2741
0 2150 267
0 2151 1633
0 2152 6081
0 2153 6977
0 2154 4688
0 2155 2740
0 2156 5221
0 2157 4355
0 2158 5881
0 2159 3509
0 2160 132
0 2161 4668
0 2162 3920
0 2163 5240
0 2164 275
0 2165 568
0 2166 5692
0 2167 5629
0 2168 1883
0 2169 5830
0 2170 2560
0 2171 6649
0 2172 4715
0 2173 4459
0 2174 6773
0 2175 7401
0 2176 1760
0 2177 5408
0 2178 741
0 2179 3136
0 2180 4191
0 2181 1387
0 2182 5911
0 2183 1537
0 2184 894
0 2185 4011
0 2186 6213
0 2187 6569
0 2188 5207
0 2189 480
0 2190 3735
0 2191 6699
0 2192 2923
0 2193 3417
0 2194 524
0 2195 2032
0 2196 1636
0 2197 1402
0 2198 1813
0 2199 4704
0 2200 553
0 2201 6929
0 2202 1022
0 2203 1004
0 2204 1531
0 2205 2280
0 2206 1697
0 2207 2645
0 2208 3568
0 2209 5315
0 2210 1998
0 2211 6609
0 2212 1372
0 2213 4678
0 2214 2704
0 2215 2024
0 2216 1581
0 2217 2350
0 2218 4306
0 2219 6699
0 2220 6525
0 2221 1690
0 2222 1655
0 2223 6288
0 2224 2229
0 2225 6955
0 2226 6496
0 2227 1034
0 2228 4955
0 2229 1366
0 2230 6353
0 2231 7182
0 2232 4106
0 2233 3390
0 2234 5113
0 2235 4094
0 2236 5366
0 2237 5237
0 2238 4002
0 2239 3694
0 2240 888
0 2241 4866
0 2242 3519
0 2243 672
0 2244 6092
0 2245 426
0 2246 1869
0 2247 2118
0 2248 7477
0 2249 7437
0 2250 5373
0 2251 4348
0 2252 7437
0 2253 2868
0 2254 6651
0 2255 3678
0 2256 41
0 2257 2493
0 2258 870
0 2259 5808
0 2260 4988
0 2261 346
0 2262 3043
0 2263 6510
0 2264 118
0 2265 402
0 2266 1943
0 2267 1992
0 2268 5404
0 2269 4665
0 2270 4845
0 2271 4998
0 2272 2330
0 2273 5412
0 2274 1944
0 2275 1608
0 2276 6173
0 2277 4109
0 2278 5433
0 2279 7452
0 2280 6652
0 2281 1699
0 2282 5249
0 2283 456
0 2284 6574
0 2285 6810
0 2286 4287
0 2287 5353
0 2288 4851
0 2289 3530
0 2290 4627
0 2291 3864
0 2292 4367
0 2293 4150
0 2294 4701
0 2295 3973
0 2296 427
0 2297 6936
0 2298 3572
0 2299 4993
0 2300 4217
0 2301 6553
0 2302 3949
0 2303 577
0 2304 6005
0 2305 1824
0 2306 333
0 2307 923
0 2308 6806
0 2309 841
0 2310 3468
0 2311 723
0 2312 3932
0 2313 131
0 2314 1442
0 2315 7170
0 2316 4937
0 2317 5698
0 2318 940
0 2319 5885
0 2320 868
0 2321 1315
0 2322 5664
0 2323 4944
0 2324 6096
0 2325 2460
0 2326 1165
0 2327 3950
0 2328 4841
0 2329 218
0 2330 3215
0 2331 4587
0 2332 6741
0 2333 7041
0 2334 6844
0 2335 2549
0 2336 3506
0 2337 3011
0 2338 4187
0 2339 6077
0 2340 3299
0 2341 645
0 2342 6862
0 2343 7225
0 2344 5132
0 2345 223
0 2346 4158
0 2347 6348
0 2348 1140
0 2349 1621
0 2350 1294
0 2351 4925
0 2352 6822
0 2353 6646
0 2354 6569
0 2355 1976
0 2356 2531
0 2357 376
0 2358 3855
0 2359 3649
0 2360 2669
0 2361 3515
0 2362 2041
0 2363 5002
0 2364 5269
0 2365 1914
0 2366 1597
0 2367 6367
0 2368 2420
0 2369 3137
0 2370 164
0 2371 6490
0 2372 5570
0 2373 5689
0 2374 4292
0 2375 3584
0 2376 2808
0 2377 6003
0 2378 2005
0 2379 546
0 2380 4429
0 2381 3815
0 2382 4818
0 2383 469
0 2384 169
0 2385 5320
0 2386 4100
0 2387 625
0 2388 6915
0 2389 7393
0 2390 4733
0 2391 5361
0 2392 1968
0 2393 6360
0 2394 4882
0 2395 5899
0 2396 7476
0 2397 6357
0 2398 5355
0 2399 7058
0 2400 1826
0 2401 144
0 2402 7375
0 2403 2790
0 2404 6916
0 2405 5536
0 2406 6013
0 2407 3514
0 2408 2755
0 2409 2003
0 2410 6549
0 2411 314
0 2412 386
0 2413 4167
0 2414 5306
0 2415 5854
0 2416 1610
0 2417 4671
0 2418 6951
0 2419 1993
0 2420 2090
0 2421 2635
0 2422 6318
0 2423 4974
0 2424 4277
0 2425 1303
0 2426 6764
0 2427 6665
0 2428 888
0 2429 5955
0 2430 2798
0 2431 745
0 2432 5306
0 2433 3259
0 2434 7098
0 2435 71
0 2436 4988
0 2437 1644
0 2438 6807
0 2439 1311
0 2440 5015
0 2441 6549
0 2442 5767
0 2443 1375
0 2444 3751
0 2445 6458
0 2446 1594
0 2447 1984
0 2448 1594
0 2449 810
0 2450 988
0 2451 4910
0 2452 3272
0 2453 3158
0 2454 6679
0 2455 702
0 2456 5385
0 2457 7178
0 2458 3621
0 2459 893
0 2460 3419
0 2461 2935
0 2462 6921
0 2463 3643
0 2464 1663
0 2465 4969
0 2466 4797
0 2467 396
0 2468 565
0 2469 3387
0 2470 3284
0 2471 7375
0 2472 5868
0 2473 4231
0 2474 4315
0 2475 1934
0 2476 2842
0 2477 6615
0 2478 5832
0 2479 110
0 2480 5799
0 2481 5111
0 2482 3768
0 2483 4410
0 2484 6300
0 2485 5141
0 2486 4948
0 2487 3344
0 2488 2066
0 2489 1587
0 2490 2093
0 2491 6402
0 2492 2577
0 2493 1925
0 2494 4527
0 2495 2286
0 2496 1965
0 2497 1543
0 2498 105
0 2499 6775
0 2500 1540
0 2501 2021
0 2502 1843
0 2503 3655
0 2504 2583
0 2505 415
0 2506 7299
0 2507 6652
0 2508 2121
0 2509 5718
0 2510 1218
0 2511 7071
0 2512 7412
0 2513 726
0 2514 5274
0 2515 1987
0 2516 6617
0 2517 7167
0 2518 3308
0 2519 300
0 2520 5095
0 2521 5412
0 2522 6978
0 2523 7196
0 2524 4008
0 2525 463
0 2526 7214
0 2527 1309
0 2528 504
0 2529 7270
0 2530 2602
0 2531 4179
0 2532 3925
0 2533 700
0 2534 452
0 2535 1224
0 2536 7191
0 2537 1492
0 2538 5730
0 2539 2154
0 2540 2901
0 2541 4498
0 2542 6007
0 2543 5542
0 2544 7344
0 2545 6592
0 2546 6657
0 2547 845
0 2548 2798
0 2549 2719
0 2550 6997
0 2551 281
0 2552 6480
0 2553 3050
0 2554 3768
0 2555 4002
0 2556 5459
0 2557 2470
0 2558 5134
0 2559 932
0 2560 5575
0 2561 2703
0 2562 3788
0 2563 1798
0 2564 3343
0 2565 2987
0 2566 6871
0 2567 3219
0 2568 1935
0 2569 7376
0 2570 559
0 2571 6022
0 2572 4880
0 2573 574
0 2574 10
0 2575 274
0 2576 6265
0 2577 7142
0 2578 2014
0 2579 5905
0 2580 5275
0 2581 7434
0 2582 7306
0 2583 6363
0 2584 4727
0 2585 7173
0 2586 4128
0 2587 4769
0 2588 2297
0 2589 2018
0 2590 7264
0 2591 946
0 2592 4714
0 2593 2188
0 2594 4339
0 2595 280
0 2596 536
0 2597 1834
0 2598 5420
0 2599 3619
0 2600 820
0 2601 3994
0 2602 1920
0 2603 801
0 2604 4604
0 2605 6981
0 2606 2842
0 2607 1868
0 2608 3078
0 2609 3606
0 2610 1362
0 2611 4044
0 2612 353
0 2613 1835
0 2614 574
0 2615 3430
0 2616 2083
0 2617 6979
0 2618 1649
0 2619 3389
0 2620 520
0 2621 3085
0 2622 2358
0 2623 2242
0 2624 3440
0 2625 3334
0 2626 1863
0 2627 7494
0 2628 1366
0 2629 2852
0 2630 470
0 2631 4241
0 2632 7352
0 2633 5559
0 2634 2628
0 2635 4746
0 2636 6498
0 2637 878
0 2638 419
0 2639 6254
0 2640 3180
0 2641 4977
0 2642 2146
0 2643 853
0 2644 1201
0 2645 852
0 2646 7474
0 2647 4719
0 2648 4539
0 2649 4941
0 2650 2618
0 2651 5725
0 2652 5734
0 2653 1793
0 2654 2742
0 2655 6046
0 2656 7031
0 2657 2017
0 2658 5900
0 2659 4240
0 2660 4564
0 2661 1041
0 2662 4957
0 2663 7237
0 2664 7495
0 2665 2803
0 2666 6672
0 2667 5819
0 2668 2343
0 2669 4851
0 2670 4220
0 2671 2191
0 2672 707
0 2673 2282
0 2674 4256
0 2675 876
0 2676 6354
0 2677 71
0 2678 435
0 2679 4052
0 2680 2074
0 2681 1799
0 2682 6731
0 2683 4350
0 2684 3400
0 2685 6159
0 2686 1286
0 2687 3660
0 2688 1236
0 2689 648
0 2690 1172
0 2691 1814
0 2692 3724
0 2693 3296
0 2694 112
0 2695 4835
0 2696 4738
0 2697 7237
0 2698 2716
0 2699 3955
0 2700 2058
0 2701 5610
0 2702 6269
0 2703 1286
0 2704 6551
0 2705 3806
0 2706 6499
0 2707 3636
0 2708 4463
0 2709 6211
0 2710 6238
0 2711 333
0 2712 659
0 2713 2072
0 2714 3872
0 2715 5797
0 2716 4616
0 2717 4857
0 2718 4938
0 2719 7239
0 2720 1572
0 2721 2664
0 2722 3327
0 2723 2202
0 2724 2306
0 2725 7428
0 2726 2220
0 2727 5369
0 2728 796
0 2729 6132
0 2730 3610
0 2731 37
0 2732 4907
0 2733 2525
0 2734 4397
0 2735 3228
0 2736 7324
0 2737 4616
0 2738 1852
0 2739 6845
0 2740 4304
0 2741 6647
0 2742 2194
0 2743 5049
0 2744 512
0 2745 6558
0 2746 607
0 2747 552
0 2748 338
0 2749 5197
0 2750 2414
0 2751 1252
0 2752 1271
0 2753 1501
0 2754 438
0 2755 4355
0 2756 6899
0 2757 7374
0 2758 1374
0 2759 1737
0 2760 6641
0 2761 5544
0 2762 142
0 2763 4164
0 2764 5783
0 2765 2114
0 2766 5001
0 2767 538
0 2768 6398
0 2769 3558
0 2770 742
0 2771 3191
0 2772 4767
0 2773 5399
0 2774 5415
0 2775 775
0 2776 5596
0 2777 1307
0 2778 3186
0 2779 4085
0 2780 3635
0 2781 2648
0 2782 6768
0 2783 6027
0 2784 5574
0 2785 651
0 2786 2773
0 2787 4193
0 2788 5938
0 2789 4987
0 2790 976
0 2791 5699
0 2792 1462
0 2793 302
0 2794 3764
0 2795 3649
0 2796 1942
0 2797 3040
0 2798 4517
0 2799 5828
0 2800 3380
0 2801 7242
0 2802 262
0 2803 6063
0 2804 7106
0 2805 1385
0 2806 85
0 2807 436
0 2808 5850
0 2809 6924
0 2810 4529
0 2811 4796
0 2812 6207
0 2813 7333
0 2814 6083
0 2815 1956
0 2816 3711
0 2817 3101
0 2818 4511
0 2819 6084
0 2820 5993
0 2821 1762
0 2822 4729
0 2823 564
0 2824 6469
0 2825 501
0 2826 3868
0 2827 4512
0 2828 507
0 2829 1619
0 2830 440
0 2831 2795
0 2832 6369
0 2833 3547
0 2834 7450
0 2835 4072
0 2836 2688
0 2837 1436
0 2838 2685
0 2839 1518
0 2840 3226
0 2841 4007
0 2842 4741
0 2843 1065
0 2844 6102
0 2845 999
0 2846 7270
0 2847 5291
0 2848 903
0 2849 6890
0 2850 2272
0 2851 6616
0 2852 991
0 2853 3589
0 2854 4381
0 2855 1519
0 2856 834
0 2857 265
0 2858 3772
0 2859 4230
0 2860 6983
0 2861 3309
0 2862 826
0 2863 1963
0 2864 5461
0 2865 1896
0 2866 5752
0 2867 6530
0 2868 3009
0 2869 1006
0 2870 2739
0 2871 2608
0 2872 2652
0 2873 2194
0 2874 2847
0 2875 489
0 2876 7250
0 2877 3318
0 2878 7276
0 2879 7351
0 2880 6115
0 2881 2047
0 2882 1854
0 2883 1335
0 2884 4987
0 2885 1764
0 2886 5756
0 2887 5556
0 2888 1000
0 2889 4997
0 2890 3720
0 2891 1
0 2892 3208
0 2893 6474
0 2894 7284
0 2895 5462
0 2896 1232
0 2897 4467
0 2898 808
0 2899 7465
0 2900 2172
0 2901 1474
0 2902 3846
0 2903 2628
0 2904 3303
0 2905 4647
0 2906 5825
0 2907 1351
0 2908 3695
0 2909 3597
0 2910 6865
0 2911 1785
0 2912 50
0 2913 5654
0 2914 5984
0 2915 7250
0 2916 2396
0 2917 6980
0 2918 1961
0 2919 512
0 2920 1890
0 2921 5355
0 2922 6397
0 2923 231
0 2924 2172
0 2925 6370
0 2926 6719
0 2927 7489
0 2928 1520
0 2929 2211
0 2930 2689
0 2931 7365
0 2932 2159
0 2933 339
0 2934 7147
0 2935 5582
0 2936 6108
0 2937 5291
0 2938 1808
0 2939 2424
0 2940 4097
0 2941 3041
0 2942 4343
0 2943 3856
0 2944 1912
0 2945 3051
0 2946 2065
0 2947 5571
0 2948 4497
0 2949 4313
0 2950 6918
0 2951 7323
0 2952 6915
0 2953 1290
0 2954 5905
0 2955 30
0 2956 4222
0 2957 653
0 2958 2101
0 2959 2576
0 2960 4892
0 2961 119
0 2962 633
0 2963 5676
0 2964 1802
0 2965 3785
0 2966 4586
0 2967 1568
0 2968 2719
0 2969 4588
0 2970 5870
0 2971 673
0 2972 7229
0 2973 3261
0 2974 1834
0 2975 5892
0 2976 1879
0 2977 3110
0 2978 1686
0 2979 7241
0 2980 3189
0 2981 4514
0 2982 3608
0 2983 1481
0 2984 3474
0 2985 3269
0 2986 6287
0 2987 972
0 2988 6557
0 2989 4389
0 2990 4202
0 2991 1361
0 2992 6153
0 2993 687
0 2994 4078
0 2995 6310
0 2996 3065
0 2997 1101
0 2998 1420
0 2999 7
0 3000 3539
0 3001 3261
0 3002 2758
0 3003 2277
0 3004 7490
0 3005 8
0 3006 4515
0 3007 552
0 3008 148
0 3009 5466
0 3010 1111
0 3011 6390
0 3012 2993
0 3013 2208
0 3014 4557
0 3015 4593
0 3016 3229
0 3017 276
0 3018 3003
0 3019 7106
0 3020 11
0 3021 4268
0 3022 2344
0 3023 6549
0 3024 6606
0 3025 3448
0 3026 864
0 3027 7392
0 3028 5525
0 3029 516
0 3030 1210
0 3031 3917
0 3032 5715
0 3033 1062
0 3034 2166
0 3035 2878
0 3036 6389
0 3037 1689
0 3038 2855
0 3039 4108
0 3040 1883
0 3041 3280
0 3042 1039
0 3043 4370
0 3044 6049
0 3045 2692
0 3046 6355
0 3047 3842
0 3048 3818
0 3049 2836
0 3050 6204
0 3051 155
0 3052 7028
0 3053 5152
0 3054 1156
0 3055 6939
0 3056 1802
0 3057 697
0 3058 1790
0 3059 492
0 3060 3623
0 3061 873
0 3062 313
0 3063 1646
0 3064 2633
0 3065 1525
0 3066 2449
0 3067 7337
0 3068 3055
0 3069 1353
0 3070 3390
0 3071 7134
0 3072 4507
0 3073 3747
0 3074 6598
0 3075 1493
0 3076 3845
0 3077 7386
0 3078 3131
0 3079 990
0 3080 3868
0 3081 1979
0 3082 3214
0 3083 2603
0 3084 3418
0 3085 6039
0 3086 6327
0 3087 1160
0 3088 528
0 3089 6265
0 3090 1566
0 3091 2164
0 3092 1666
0 3093 2190
0 3094 3648
0 3095 4383
0 3096 1679
0 3097 5688
0 3098 6394
0 3099 6454
0 3100 1733
0 3101 6702
0 3102 3457
0 3103 4061
0 3104 3672
0 3105 2074
0 3106 2080
0 3107 2540
0 3108 1257
0 3109 1126
0 3110 339
0 3111 6399
0 3112 1765
0 3113 2011
0 3114 5542
0 3115 2355
0 3116 2113
0 3117 824
0 3118 6845
0 3119 1188
0 3120 5818
0 3121 6992
0 3122 6837
0 3123 7405
0 3124 7090
0 3125 6121
0 3126 4185
0 3127 1146
0 3128 969
0 3129 6882
0 3130 2229
0 3131 1011
0 3132 4288
0 3133 5330
0 3134 3450
0 3135 1905
0 3136 4284
0 3137 4749
0 3138 1477
0 3139 5735
0 3140 5525
0 3141 5143
0 3142 6483
0 3143 5502
0 3144 863
0 3145 1522
0 3146 1872
0 3147 4801
0 3148 1412
0 3149 812
0 3150 2255
0 3151 6322
0 3152 3932
0 3153 3752
0 3154 1424
0 3155 3427
0 3156 4430
0 3157 3709
0 3158 3457
0 3159 6553
0 3160 366
0 3161 691
0 3162 6349
0 3163 2996
0 3164 2697
0 3165 2238
0 3166 2066
0 3167 5261
0 3168 7487
0 3169 1524
0 3170 6213
0 3171 4277
0 3172 6500
0 3173 3563
0 3174 354
0 3175 1829
0 3176 5041
0 3177 2119
0 3178 5073
0 3179 6020
0 3180 1978
0 3181 6693
0 3182 4649
0 3183 4711
0 3184 642
0 3185 436
0 3186 3589
0 3187 6415
0 3188 1102
0 3189 4168
0 3190 536
0 3191 30
0 3192 3478
0 3193 2245
0 3194 839
0 3195 6360
0 3196 1563
0 3197 2074
0 3198 5804
0 3199 2062
0 3200 3164
0 3201 5682
0 3202 3614
0 3203 7322
0 3204 1143
0 3205 7415
0 3206 6821
0 3207 1236
0 3208 5383
0 3209 6432
0 3210 2431
0 3211 7325
0 3212 6838
0 3213 7320
0 3214 691
0 3215 1068
0 3216 2706
0 3217 2725
0 3218 502
0 3219 1496
0 3220 6888
0 3221 589
0 3222 5819
0 3223 7125
0 3224 5403
0 3225 7185
0 3226 3454
0 3227 5999
0 3228 5094
0 3229 6378
0 3230 7216
0 3231 329
0 3232 7445
0 3233 7032
0 3234 3968
0 3235 5983
0 3236 7308
0 3237 4866
0 3238 1286
0 3239 5932
0 3240 238
0 3241 5864
0 3242 6183
0 3243 718
0 3244 7141
0 3245 2676
0 3246 3830
0 3247 1975
0 3248 871
0 3249 3543
0 3250 2292
0 3251 5523
0 3252 1930
0 3253 4234
0 3254 4733
0 3255 3187
0 3256 4984
0 3257 4671
0 3258 5140
0 3259 4035
0 3260 874
0 3261 6837
0 3262 4668
0 3263 3671
0 3264 2690
0 3265 3143
0 3266 6220
0 3267 5337
0 3268 2185
0 3269 4246
0 3270 5231
0 3271 7437
0 3272 6702
0 3273 5093
0 3274 2218
0 3275 432
0 3276 1149
0 3277 657
0 3278 6838
0 3279 566
0 3280 1875
0 3281 5870
0 3282 242
0 3283 2303
0 3284 737
0 3285 2739
0 3286 4283
0 3287 6931
0 3288 2046
0 3289 2649
0 3290 511
0 3291 4304
0 3292 6109
0 3293 302
0 3294 4320
0 3295 5773
0 3296 5777
0 3297 878
0 3298 4254
0 3299 2680
0 3300 852
0 3301 6027
0 3302 165
0 3303 1127
0 3304 595
0 3305 5075
0 3306 6887
0 3307 4651
0 3308 5258
0 3309 1303
0 3310 22
0 3311 6081
0 3312 1959
0 3313 7435
0 3314 3086
0 3315 3847
0 3316 6706
0 3317 3903
0 3318 1516
0 3319 7392
0 3320 924
0 3321 4576
0 3322 3616
0 3323 6840
0 3324 97
0 3325 5009
0 3326 1149
0 3327 1421
0 3328 1801
0 3329 7358
0 3330 3886
0 3331 1003
0 3332 997
0 3333 2826
0 3334 4181
0 3335 4458
0 3336 3740
0 3337 2277
0 3338 2692
0 3339 1022
0 3340 2704
0 3341 7058
0 3342 4768
0 3343 5589
0 3344 340
0 3345 4998
0 3346 709
0 3347 144
0 3348 4314
0 3349 2920
0 3350 2041
0 3351 3435
0 3352 4183
0 3353 5440
0 3354 3689
0 3355 1143
0 3356 3544
0 3357 2092
0 3358 2676
0 3359 4721
0 3360 2111
0 3361 3471
0 3362 358
0 3363 1028
0 3364 684
0 3365 4666
0 3366 4893
0 3367 1224
0 3368 2199
0 3369 4448
0 3370 1832
0 3371 5397
0 3372 7107
0 3373 2245
0 3374 2485
0 3375 1497
0 3376 5489
0 3377 6604
0 3378 5959
0 3379 1884
0 3380 4444
0 3381 2134
0 3382 4263
0 3383 2528
0 3384 5876
0 3385 1254
0 3386 5880
0 3387 934
0 3388 3234
0 3389 7091
0 3390 2479
0 3391 6382
0 3392 2041
0 3393 6654
0 3394 2837
0 3395 6416
0 3396 2328
0 3397 3456
0 3398 2002
0 3399 6796
0 3400 778
0 3401 3366
0 3402 1182
0 3403 1344
0 3404 5207
0 3405 6363
0 3406 6423
0 3407 6807
0 3408 2363
0 3409 5550
0 3410 588
0 3411 1717
0 3412 1812
0 3413 3537
0 3414 144
0 3415 6962
0 3416 6560
0 3417 6051
0 3418 783
0 3419 1130
0 3420 2091
0 3421 3188
0 3422 4693
0 3423 6177
0 3424 3426
0 3425 4593
0 3426 5934
0 3427 797
0 3428 1217
0 3429 6521
0 3430 2242
0 3431 891
0 3432 3281
0 3433 3317
0 3434 1284
0 3435 6150
0 3436 345
0 3437 1036
0 3438 2106
0 3439 4079
0 3440 2169
0 3441 4424
0 3442 793
0 3443 6256
0 3444 7281
0 3445 4015
0 3446 7209
0 3447 5122
0 3448 3026
0 3449 2884
0 3450 418
0 3451 1114
0 3452 2650
0 3453 466
0 3454 7010
0 3455 2985
0 3456 4339
0 3457 6512
0 3458 421
0 3459 4273
0 3460 514
0 3461 313
0 3462 1160
0 3463 2306
0 3464 4238
0 3465 5627
0 3466 5886
0 3467 6047
0 3468 1750
0 3469 308
0 3470 3377
0 3471 4994
0 3472 2097
0 3473 4083
0 3474 2699
0 3475 4074
0 3476 1308
0 3477 106
0 3478 3774
0 3479 7472
0 3480 558
0 3481 332
0 3482 3475
0 3483 1986
0 3484 2306
0 3485 3909
0 3486 4664
0 3487 5518
0 3488 6595
0 3489 2143
0 3490 4012
0 3491 1144
0 3492 998
0 3493 6456
0 3494 4860
0 3495 6434
0 3496 2686
0 3497 7139
0 3498 7394
0 3499 3983
0 3500 496
0 3501 4849
0 3502 5388
0 3503 3041
0 3504 5831
0 3505 3653
0 3506 3345
0 3507 2455
0 3508 4232
0 3509 1004
0 3510 1221
0 3511 311
0 3512 1440
0 3513 6005
0 3514 1591
0 3515 3799
0 3516 7095
0 3517 1148
0 3518 6967
0 3519 311
0 3520 744
0 3521 5517
0 3522 2099
0 3523 1924
0 3524 303
0 3525 1200
0 3526 2744
0 3527 5486
0 3528 6150
0 3529 203
0 3530 7393
0 3531 7379
0 3532 3800
0 3533 3493
0 3534 5580
0 3535 313
0 3536 6559
0 3537 6039
0 3538 217
0 3539 5646
0 3540 2002
0 3541 2536
0 3542 1733
0 3543 3041
0 3544 1442
0 3545 3274
0 3546 7064
0 3547 820
0 3548 4133
0 3549 1206
0 3550 3008
0 3551 4246
0 3552 1599
0 3553 910
0 3554 1506
0 3555 1840
0 3556 4700
0 3557 713
0 3558 2274
0 3559 273
0 3560 3390
0 3561 4226
0 3562 5162
0 3563 4848
0 3564 5475
0 3565 6462
0 3566 463
0 3567 3982
0 3568 2436
0 3569 163
0 3570 2733
0 3571 1848
0 3572 2687
0 3573 5688
0 3574 5801
0 3575 7378
0 3576 4821
0 3577 6544
0 3578 2630
0 3579 1276
0 3580 4186
0 3581 6012
0 3582 701
0 3583 2540
0 3584 7193
0 3585 6392
0 3586 3227
0 3587 2583
0 3588 4300
0 3589 5805
0 3590 6463
0 3591 1435
0 3592 4669
0 3593 4113
0 3594 6400
0 3595 4478
0 3596 7206
0 3597 4637
0 3598 1852
0 3599 1805
0 3600 4391
0 3601 473
0 3602 1472
0 3603 1493
0 3604 7225
0 3605 3588
0 3606 1960
0 3607 3383
0 3608 2582
0 3609 5981
0 3610 2713
0 3611 2858
0 3612 5374
0 3613 2137
0 3614 3510
0 3615 5242
0 3616 5063
0 3617 6297
0 3618 5947
0 3619 4797
0 3620 5357
0 3621 1922
0 3622 7134
0 3623 5709
0 3624 4239
0 3625 5548
0 3626 1485
0 3627 1067
0 3628 795
0 3629 5544
0 3630 6850
0 3631 1626
0 3632 1067
0 3633 3452
0 3634 7213
0 3635 2943
0 3636 1156
0 3637 2024
0 3638 4312
0 3639 1202
0 3640 4474
0 3641 5789
0 3642 900
0 3643 4969
0 3644 681
0 3645 3818
0 3646 2947
0 3647 993
0 3648 728
0 3649 2979
0 3650 7274
0 3651 584
0 3652 1483
0 3653 4170
0 3654 1155
0 3655 7408
0 3656 4841
0 3657 2987
0 3658 2989
0 3659 5364
0 3660 5672
0 3661 4100
0 3662 6888
0 3663 4122
0 3664 620
0 3665 329
0 3666 2396
0 3667 2295
0 3668 5917
0 3669 920
0 3670 5506
0 3671 1826
0 3672 1482
0 3673 936
0 3674 726
0 3675 460
0 3676 460
0 3677 1663
0 3678 6590
0 3679 5260
0 3680 6969
0 3681 5330
0 3682 1742
0 3683 7029
0 3684 5650
0 3685 5558
0 3686 1462
0 3687 3172
0 3688 3464
0 3689 2171
0 3690 4638
0 3691 3341
0 3692 1369
0 3693 2377
0 3694 5177
0 3695 3564
0 3696 7442
0 3697 4641
0 3698 3908
0 3699 2103
0 3700 2281
0 3701 2600
0 3702 5996
0 3703 1065
0 3704 1347
0 3705 2421
0 3706 4639
0 3707 7166
0 3708 1195
0 3709 6446
0 3710 7310
0 3711 2607
0 3712 2032
0 3713 5502
0 3714 6076
0 3715 4654
0 3716 6705
0 3717 731
0 3718 6283
0 3719 1000
0 3720 73
0 3721 1595
0 3722 612
0 3723 6418
0 3724 2549
0 3725 97
0 3726 2006
0 3727 4056
0 3728 1648
0 3729 4920
0 3730 3053
0 3731 5870
0 3732 4164
0 3733 2298
0 3734 2547
0 3735 5327
0 3736 2537
0 3737 4507
0 3738 2526
0 3739 1609
0 3740 2963
0 3741 6841
0 3742 3785
0 3743 4424
0 3744 6181
0 3745 1420
0 3746 3921
0 3747 2947
0 3748 6117
0 3749 4497
0 3750 5412
0 3751 958
0 3752 4654
0 3753 4301
0 3754 6513
0 3755 1237
0 3756 977
0 3757 4133
0 3758 7459
0 3759 2531
0 3760 2621
0 3761 3736
0 3762 5823
0 3763 4570
0 3764 7327
0 3765 1630
0 3766 4476
0 3767 1598
0 3768 7262
0 3769 5232
0 3770 952
0 3771 4286
0 3772 2228
0 3773 2655
0 3774 503
0 3775 3448
0 3776 3154
0 3777 2290
0 3778 5859
0 3779 3616
0 3780 2207
0 3781 6046
0 3782 5939
0 3783 1457
0 3784 157
0 3785 6086
0 3786 2108
0 3787 5400
0 3788 1802
0 3789 3243
0 3790 7415
0 3791 3760
0 3792 4235
0 3793 1926
0 3794 4883
0 3795 387
0 3796 3157
0 3797 7372
0 3798 2403
0 3799 7215
0 3800 2485
0 3801 3664
0 3802 6168
0 3803 2649
0 3804 7315
0 3805 7119
0 3806 258
0 3807 2245
0 3808 5695
0 3809 1347
0 3810 1640
0 3811 7326
0 3812 1172
0 3813 7231
0 3814 1008
0 3815 3996
0 3816 1295
0 3817 3770
0 3818 7116
0 3819 3463
0 3820 4272
0 3821 6348
0 3822 3819
0 3823 3358
0 3824 5336
0 3825 4109
0 3826 82
0 3827 4718
0 3828 5923
0 3829 1445
0 3830 4247
0 3831 2332
0 3832 657
0 3833 7393
0 3834 832
0 3835 866
0 3836 1656
0 3837 7082
0 3838 1395
0 3839 961
0 3840 5024
0 3841 1578
0 3842 1214
0 3843 6196
0 3844 88
0 3845 4035
0 3846 1823
0 3847 2144
0 3848 6005
0 3849 5458
0 3850 670
0 3851 1449
0 3852 6016
0 3853 7008
0 3854 1673
0 3855 2019
0 3856 7282
0 3857 2911
0 3858 449
0 3859 3418
0 3860 1480
0 3861 2165
0 3862 1990
0 3863 2198
0 3864 2964
0 3865 2526
0 3866 58
0 3867 4821
0 3868 3815
0 3869 61
0 3870 5310
0 3871 839
0 3872 1618
0 3873 5767
0 3874 3192
0 3875 1561
0 3876 2376
0 3877 5869
0 3878 897
0 3879 828
0 3880 1724
0 3881 524
0 3882 1094
0 3883 7091
0 3884 2279
0 3885 5934
0 3886 1526
0 3887 3529
0 3888 6908
0 3889 252
0 3890 7191
0 3891 5799
0 3892 6836
0 3893 1004
0 3894 924
0 3895 652
0 3896 2849
0 3897 3451
0 3898 3636
0 3899 6339
0 3900 5472
0 3901 5730
0 3902 6959
0 3903 3460
0 3904 7195
0 3905 6700
0 3906 1122
0 3907 6728
0 3908 7085
0 3909 508
0 3910 535
0 3911 7302
0 3912 2142
0 3913 1112
0 3914 3885
0 3915 4573
0 3916 4914
0 3917 6237
0 3918 2235
0 3919 1750
0 3920 5554
0 3921 1066
0 3922 3442
0 3923 3133
0 3924 5835
0 3925 6078
0 3926 5877
0 3927 6112
0 3928 4235
0 3929 5826
0 3930 14
0 3931 4471
0 3932 7411
0 3933 5128
0 3934 1596
0 3935 5228
0 3936 4450
0 3937 1706
0 3938 2478
0 3939 1193
0 3940 6133
0 3941 4157
0 3942 6858
0 3943 6643
0 3944 6928
0 3945 3391
0 3946 1470
0 3947 310
0 3948 7155
0 3949 5929
0 3950 961
0 3951 1138
0 3952 5549
0 3953 3807
0 3954 6773
0 3955 1421
0 3956 5206
0 3957 648
0 3958 3748
0 3959 5584
0 3960 2536
0 3961 3576
0 3962 2593
0 3963 7481
0 3964 1294
0 3965 2978
0 3966 541
0 3967 5635
0 3968 337
0 3969 625
0 3970 2166
0 3971 924
0 3972 1305
0 3973 1892
0 3974 1785
0 3975 2029
0 3976 7243
0 3977 7312
0 3978 5710
0 3979 1662
0 3980 1082
0 3981 7414
0 3982 5422
0 3983 6484
0 3984 5457
0 3985 451
0 3986 6423
0 3987 4853
0 3988 1790
0 3989 2380
0 3990 1488
0 3991 3408
0 3992 7169
0 3993 4667
0 3994 1947
0 3995 4832
0 3996 3656
0 3997 4877
0 3998 3162
0 3999 2521
0 4000 2796
0 4001 4825
0 4002 2281
0 4003 1859
0 4004 1497
0 4005 4464
0 4006 7039
0 4007 7228
0 4008 5493
0 4009 5581
0 4010 133
0 4011 5456
0 4012 2421
0 4013 3247
0 4014 6636
0 4015 405
0 4016 2840
0 4017 6508
0 4018 1571
0 4019 2338
0 4020 2298
0 4021 4085
0 4022 1595
0 4023 2265
0 4024 1280
0 4025 5072
0 4026 5329
0 4027 711
0 4028 3384
0 4029 7337
0 4030 4378
0 4031 3552
0 4032 6511
0 4033 1694
0 4034 5825
0 4035 881
0 4036 3727
0 4037 6498
0 4038 3906
0 4039 823
0 4040 5834
0 4041 195
0 4042 5464
0 4043 2725
0 4044 1240
0 4045 5383
0 4046 6178
0 4047 6124
0 4048 1757
0 4049 3752
0 4050 3331
0 4051 4251
0 4052 3551
0 4053 2968
0 4054 130
0 4055 5174
0 4056 4525
0 4057 1790
0 4058 6665
0 4059 3013
0 4060 1988
0 4061 1006
0 4062 168
0 4063 7235
0 4064 7155
0 4065 2152
0 4066 4003
0 4067 6848
0 4068 7379
0 4069 276
0 4070 461
0 4071 9
0 4072 3151
0 4073 914
0 4074 4595
0 4075 5972
0 4076 5745
0 4077 924
0 4078 6683
0 4079 2181
0 4080 4497
0 4081 2236
0 4082 6731
0 4083 168
0 4084 2746
0 4085 4149
0 4086 952
0 4087 2473
0 4088 31
0 4089 345
0 4090 2319
0 4091 6337
0 4092 1350
0 4093 1441
0 4094 4571
0 4095 6903
0 4096 4139
0 4097 3136
0 4098 1943
0 4099 2310
0 4100 4706
0 4101 2989
0 4102 1859
0 4103 4555
0 4104 1583
0 4105 1526
0 4106 7362
0 4107 6901
0 4108 5984
0 4109 6629
0 4110 825
0 4111 2211
0 4112 93
0 4113 2780
0 4114 1734
0 4115 3891
0 4116 4190
0 4117 1369
0 4118 6990
0 4119 606
0 4120 7434
0 4121 5296
0 4122 2578
0 4123 4240
0 4124 5718
0 4125 6085
0 4126 1912
0 4127 4489
0 4128 6131
0 4129 4599
0 4130 3690
0 4131 7051
0 4132 5331
0 4133 4220
0 4134 5285
0 4135 1550
0 4136 6252
0 4137 7101
0 4138 4755
0 4139 6433
0 4140 5396
0 4141 6134
0 4142 2859
0 4143 3184
0 4144 1841
0 4145 5235
0 4146 2488
0 4147 5666
0 4148 313
0 4149 4550
0 4150 2944
0 4151 841
0 4152 350
0 4153 1707
0 4154 420
0 4155 5006
0 4156 1950
0 4157 541
0 4158 5597
0 4159 4253
0 416