3378 3377 1 118
0 1 223
0 2 1322
0 3 1804
0 4 2889
0 5 617
0 6 204
0 7 2719
0 8 54
0 9 528
0 10 1835
0 11 1780
0 12 2318
0 13 1989
0 14 2203
0 15 2584
0 16 2757
0 17 1527
0 18 2564
0 19 670
0 20 1130
0 21 2036
0 22 3066
0 23 990
0 24 2026
0 25 2858
0 26 3365
0 27 1920
0 28 2241
0 29 2542
0 30 1963
0 31 326
0 32 770
0 33 691
0 34 20
0 35 1807
0 36 2431
0 37 948
0 38 350
0 39 1419
0 40 557
0 41 502
0 42 3330
0 43 1424
0 44 1983
0 45 608
0 46 1221
0 47 669
0 48 2743
0 49 3212
0 50 2004
0 51 2151
0 52 6
0 53 2189
0 54 2850
0 55 3129
0 56 1701
0 57 1496
0 58 396
0 59 2872
0 60 3147
0 61 2535
0 62 492
0 63 3174
0 64 574
0 65 2153
0 66 72
0 67 605
0 68 58
0 69 1344
0 70 2837
0 71 354
0 72 1541
0 73 200
0 74 3176
0 75 1636
0 76 589
0 77 796
0 78 1716
0 79 3124
0 80 2060
0 81 1667
0 82 145
0 83 1978
0 84 2571
0 85 1507
0 86 3155
0 87 536
0 88 1438
0 89 2507
0 90 204
0 91 2979
0 92 2388
0 93 2914
0 94 541
0 95 1855
0 96 3236
0 97 3361
0 98 244
0 99 1654
0 100 2031
0 101 662
0 102 703
0 103 566
0 104 1316
0 105 2409
0 106 863
0 107 1657
0 108 2193
0 109 2619
0 110 877
0 111 900
0 112 1252
0 113 758
0 114 2704
0 115 660
0 116 2323
0 117 3372
0 118 1014
0 119 1178
0 120 2742
0 121 2137
0 122 2309
0 123 720
0 124 2909
0 125 3031
0 126 2791
0 127 2864
0 128 1174
0 129 3162
0 130 2726
0 131 2171
0 132 3266
0 133 53
0 134 1734
0 135 1756
0 136 865
0 137 2239
0 138 1346
0 139 3269
0 140 861
0 141 999
0 142 2534
0 143 2863
0 144 1840
0 145 1067
0 146 2272
0 147 1246
0 148 2350
0 149 620
0 150 2466
0 151 2231
0 152 1682
0 153 2132
0 154 3244
0 155 1180
0 156 3066
0 157 2842
0 158 3071
0 159 2915
0 160 964
0 161 1848
0 162 3012
0 163 1247
0 164 1858
0 165 3292
0 166 1098
0 167 2623
0 168 1475
0 169 3008
0 170 1857
0 171 661
0 172 251
0 173 1934
0 174 1615
0 175 3369
0 176 2613
0 177 1247
0 178 1295
0 179 549
0 180 1154
0 181 199
0 182 2285
0 183 1555
0 184 32
0 185 280
0 186 1282
0 187 1508
0 188 3040
0 189 534
0 190 2169
0 191 2780
0 192 1377
0 193 820
0 194 2385
0 195 1525
0 196 90
0 197 2599
0 198 3308
0 199 1538
0 200 2374
0 201 14
0 202 3066
0 203 1041
0 204 444
0 205 1888
0 206 1043
0 207 1841
0 208 2667
0 209 42
0 210 1249
0 211 2655
0 212 412
0 213 2232
0 214 871
0 215 396
0 216 2584
0 217 1223
0 218 1173
0 219 727
0 220 2810
0 221 3346
0 222 409
0 223 882
0 224 1491
0 225 2927
0 226 1848
0 227 423
0 228 2412
0 229 2279
0 230 262
0 231 2285
0 232 61
0 233 2507
0 234 3322
0 235 2002
0 236 307
0 237 2657
0 238 1255
0 239 2452
0 240 51
0 241 3049
0 242 1307
0 243 2033
0 244 2614
0 245 1695
0 246 872
0 247 3050
0 248 579
0 249 572
0 250 3319
0 251 1754
0 252 1144
0 253 3242
0 254 2062
0 255 2407
0 256 1032
0 257 975
0 258 1779
0 259 611
0 260 233
0 261 2847
0 262 968
0 263 2245
0 264 1131
0 265 2938
0 266 2048
0 267 2666
0 268 532
0 269 2248
0 270 2915
0 271 259
0 272 1228
0 273 2789
0 274 2041
0 275 2451
0 276 929
0 277 3289
0 278 770
0 279 1668
0 280 432
0 281 2142
0 282 2442
0 283 928
0 284 2013
0 285 1905
0 286 3170
0 287 56
0 288 703
0 289 368
0 290 1932
0 291 1553
0 292 1992
0 293 1031
0 294 3173
0 295 495
0 296 328
0 297 2975
0 298 1420
0 299 1318
0 300 600
0 301 1631
0 302 1163
0 303 1141
0 304 468
0 305 655
0 306 363
0 307 428
0 308 824
0 309 1511
0 310 952
0 311 2593
0 312 2106
0 313 1065
0 314 404
0 315 3215
0 316 1076
0 317 607
0 318 1011
0 319 1064
0 320 1852
0 321 2210
0 322 1779
0 323 3233
0 324 51
0 325 3278
0 326 114
0 327 2878
0 328 1483
0 329 1001
0 330 624
0 331 2507
0 332 2826
0 333 1368
0 334 147
0 335 1192
0 336 1470
0 337 1854
0 338 1341
0 339 2792
0 340 1823
0 341 235
0 342 1019
0 343 25
0 344 1139
0 345 2356
0 346 2835
0 347 2610
0 348 2245
0 349 550
0 350 855
0 351 2204
0 352 1406
0 353 947
0 354 1179
0 355 2776
0 356 1096
0 357 2112
0 358 1803
0 359 727
0 360 1304
0 361 228
0 362 930
0 363 1165
0 364 2912
0 365 2959
0 366 515
0 367 2934
0 368 1481
0 369 2568
0 370 1992
0 371 340
0 372 1897
0 373 1914
0 374 2477
0 375 2353
0 376 1486
0 377 2687
0 378 561
0 379 1396
0 380 2804
0 381 2182
0 382 85
0 383 2625
0 384 1324
0 385 1250
0 386 724
0 387 1202
0 388 2492
0 389 2145
0 390 2936
0 391 2946
0 392 1870
0 393 1593
0 394 2641
0 395 2533
0 396 2775
0 397 398
0 398 775
0 399 1804
0 400 2445
0 401 424
0 402 3101
0 403 1949
0 404 169
0 405 2175
0 406 1654
0 407 2447
0 408 3015
0 409 848
0 410 670
0 411 348
0 412 1534
0 413 137
0 414 700
0 415 2502
0 416 498
0 417 459
0 418 1390
0 419 1060
0 420 390
0 421 821
0 422 118
0 423 548
0 424 1512
0 425 726
0 426 1391
0 427 2579
0 428 3118
0 429 105
0 430 3039
0 431 348
0 432 2223
0 433 911
0 434 438
0 435 1477
0 436 3331
0 437 1291
0 438 1515
0 439 613
0 440 2184
0 441 1467
0 442 508
0 443 419
0 444 1062
0 445 2149
0 446 190
0 447 3032
0 448 147
0 449 2421
0 450 2862
0 451 686
0 452 1889
0 453 1928
0 454 1323
0 455 95
0 456 2250
0 457 108
0 458 2320
0 459 1838
0 460 1067
0 461 994
0 462 1187
0 463 781
0 464 1346
0 465 2189
0 466 1649
0 467 2078
0 468 3010
0 469 3185
0 470 520
0 471 547
0 472 487
0 473 2852
0 474 1525
0 475 3078
0 476 2805
0 477 674
0 478 2683
0 479 1706
0 480 2140
0 481 1288
0 482 480
0 483 290
0 484 2398
0 485 1075
0 486 1237
0 487 1406
0 488 321
0 489 287
0 490 3191
0 491 350
0 492 3341
0 493 2918
0 494 815
0 495 1612
0 496 2676
0 497 2167
0 498 1598
0 499 3039
0 500 2119
0 501 1907
0 502 2751
0 503 1565
0 504 2089
0 505 3064
0 506 1514
0 507 180
0 508 209
0 509 599
0 510 2397
0 511 1770
0 512 540
0 513 2449
0 514 789
0 515 2620
0 516 847
0 517 2236
0 518 2196
0 519 591
0 520 3087
0 521 2920
0 522 130
0 523 1038
0 524 921
0 525 2953
0 526 1653
0 527 2714
0 528 1613
0 529 2569
0 530 3304
0 531 440
0 532 3030
0 533 2580
0 534 17
0 535 1304
0 536 2340
0 537 597
0 538 1690
0 539 1999
0 540 3072
0 541 2676
0 542 2553
0 543 737
0 544 863
0 545 1596
0 546 2614
0 547 810
0 548 14
0 549 2562
0 550 2369
0 551 2893
0 552 3009
0 553 1989
0 554 2492
0 555 247
0 556 1479
0 557 128
0 558 1292
0 559 2620
0 560 2986
0 561 1835
0 562 1739
0 563 2370
0 564 2514
0 565 794
0 566 3264
0 567 1128
0 568 1286
0 569 3164
0 570 3331
0 571 2436
0 572 722
0 573 834
0 574 1867
0 575 2547
0 576 493
0 577 3295
0 578 1120
0 579 671
0 580 2820
0 581 3182
0 582 1833
0 583 2081
0 584 3328
0 585 2047
0 586 1779
0 587 1594
0 588 2012
0 589 2185
0 590 2947
0 591 886
0 592 2806
0 593 1877
0 594 27
0 595 2568
0 596 1529
0 597 3215
0 598 1027
0 599 2074
0 600 634
0 601 2694
0 602 2355
0 603 301
0 604 529
0 605 1760
0 606 1299
0 607 8
0 608 3193
0 609 1403
0 610 3345
0 611 762
0 612 2520
0 613 2444
0 614 2242
0 615 2068
0 616 1848
0 617 640
0 618 695
0 619 2460
0 620 3034
0 621 573
0 622 938
0 623 2481
0 624 770
0 625 2678
0 626 1
0 627 2049
0 628 496
0 629 219
0 630 1994
0 631 457
0 632 2395
0 633 1683
0 634 3181
0 635 1679
0 636 2569
0 637 922
0 638 3048
0 639 459
0 640 2226
0 641 3038
0 642 3205
0 643 162
0 644 2646
0 645 2008
0 646 400
0 647 3061
0 648 2424
0 649 2510
0 650 981
0 651 742
0 652 3168
0 653 2208
0 654 1963
0 655 2253
0 656 2622
0 657 3300
0 658 1514
0 659 3356
0 660 2338
0 661 1026
0 662 1561
0 663 1727
0 664 777
0 665 359
0 666 823
0 667 1684
0 668 2326
0 669 3172
0 670 413
0 671 781
0 672 1297
0 673 2245
0 674 1092
0 675 491
0 676 2811
0 677 2776
0 678 2457
0 679 1900
0 680 1105
0 681 1343
0 682 3083
0 683 259
0 684 2527
0 685 2107
0 686 1459
0 687 1819
0 688 904
0 689 536
0 690 762
0 691 2796
0 692 2685
0 693 1944
0 694 753
0 695 3238
0 696 1783
0 697 1406
0 698 1829
0 699 1691
0 700 484
0 701 1801
0 702 1102
0 703 228
0 704 3060
0 705 2284
0 706 149
0 707 508
0 708 1414
0 709 2206
0 710 1944
0 711 2192
0 712 333
0 713 1057
0 714 1078
0 715 957
0 716 1699
0 717 958
0 718 2854
0 719 1111
0 720 620
0 721 2761
0 722 2093
0 723 570
0 724 1354
0 725 1235
0 726 476
0 727 3364
0 728 1586
0 729 2204
0 730 306
0 731 217
0 732 2263
0 733 2188
0 734 885
0 735 92
0 736 1699
0 737 766
0 738 2895
0 739 504
0 740 33
0 741 2743
0 742 1741
0 743 460
0 744 1161
0 745 1270
0 746 1934
0 747 1945
0 748 2081
0 749 1064
0 750 1690
0 751 2780
0 752 3030
0 753 1551
0 754 796
0 755 2802
0 756 329
0 757 2494
0 758 1860
0 759 1505
0 760 1056
0 761 2248
0 762 886
0 763 2710
0 764 2204
0 765 2547
0 766 1831
0 767 2690
0 768 482
0 769 2491
0 770 2447
0 771 274
0 772 2070
0 773 7
0 774 1228
0 775 2359
0 776 898
0 777 1698
0 778 175
0 779 1840
0 780 823
0 781 937
0 782 2512
0 783 27
0 784 2606
0 785 1080
0 786 1327
0 787 251
0 788 2407
0 789 3157
0 790 172
0 791 1464
0 792 358
0 793 457
0 794 1829
0 795 2977
0 796 1748
0 797 3043
0 798 830
0 799 1228
0 800 3323
0 801 3235
0 802 419
0 803 2157
0 804 594
0 805 2375
0 806 3048
0 807 2070
0 808 1550
0 809 124
0 810 508
0 811 1799
0 812 948
0 813 2056
0 814 3336
0 815 588
0 816 880
0 817 1222
0 818 2116
0 819 1431
0 820 49
0 821 251
0 822 2393
0 823 2323
0 824 2327
0 825 1249
0 826 1116
0 827 746
0 828 438
0 829 3088
0 830 1410
0 831 69
0 832 592
0 833 2242
0 834 2190
0 835 3265
0 836 1984
0 837 2279
0 838 3310
0 839 2564
0 840 2052
0 841 2194
0 842 601
0 843 121
0 844 1229
0 845 83
0 846 702
0 847 2076
0 848 1042
0 849 937
0 850 1311
0 851 2530
0 852 41
0 853 2891
0 854 520
0 855 1151
0 856 3007
0 857 353
0 858 2859
0 859 3020
0 860 326
0 861 0
0 862 225
0 863 1224
0 864 2561
0 865 2574
0 866 2726
0 867 2581
0 868 1275
0 869 858
0 870 374
0 871 2436
0 872 1643
0 873 2502
0 874 3242
0 875 1365
0 876 3276
0 877 2430
0 878 1853
0 879 3129
0 880 3214
0 881 2654
0 882 2849
0 883 2619
0 884 2214
0 885 1875
0 886 283
0 887 90
0 888 1456
0 889 349
0 890 753
0 891 429
0 892 557
0 893 1489
0 894 908
0 895 3336
0 896 1220
0 897 1640
0 898 3121
0 899 2643
0 900 3092
0 901 1876
0 902 1600
0 903 961
0 904 881
0 905 1822
0 906 460
0 907 134
0 908 1744
0 909 2923
0 910 1071
0 911 1044
0 912 3090
0 913 2140
0 914 1607
0 915 2301
0 916 2819
0 917 3129
0 918 2906
0 919 2650
0 920 75
0 921 875
0 922 2054
0 923 668
0 924 415
0 925 1683
0 926 1574
0 927 1342
0 928 699
0 929 664
0 930 470
0 931 3130
0 932 3081
0 933 1260
0 934 1064
0 935 1148
0 936 1984
0 937 1692
0 938 895
0 939 1682
0 940 2574
0 941 1394
0 942 3337
0 943 897
0 944 1400
0 945 2357
0 946 2641
0 947 1342
0 948 3310
0 949 6
0 950 1729
0 951 1872
0 952 2923
0 953 309
0 954 562
0 955 2160
0 956 2024
0 957 3078
0 958 1231
0 959 323
0 960 2723
0 961 1634
0 962 1719
0 963 3226
0 964 736
0 965 2290
0 966 1499
0 967 3309
0 968 721
0 969 708
0 970 1071
0 971 3000
0 972 2044
0 973 1991
0 974 2029
0 975 1019
0 976 1208
0 977 614
0 978 933
0 979 2732
0 980 2918
0 981 2337
0 982 1458
0 983 949
0 984 2879
0 985 2867
0 986 1614
0 987 124
0 988 550
0 989 1344
0 990 2489
0 991 3008
0 992 1899
0 993 2925
0 994 690
0 995 2290
0 996 426
0 997 3105
0 998 466
0 999 1011
0 1000 933
0 1001 2292
0 1002 1623
0 1003 3281
0 1004 1977
0 1005 686
0 1006 2233
0 1007 1779
0 1008 1833
0 1009 59
0 1010 2999
0 1011 2544
0 1012 330
0 1013 288
0 1014 2294
0 1015 3081
0 1016 223
0 1017 701
0 1018 1142
0 1019 2799
0 1020 80
0 1021 1532
0 1022 72
0 1023 3015
0 1024 564
0 1025 1313
0 1026 715
0 1027 2567
0 1028 2256
0 1029 761
0 1030 3172
0 1031 3371
0 1032 1025
0 1033 2862
0 1034 536
0 1035 1564
0 1036 2982
0 1037 804
0 1038 1822
0 1039 178
0 1040 194
0 1041 2922
0 1042 206
0 1043 1084
0 1044 2144
0 1045 1854
0 1046 3307
0 1047 2018
0 1048 947
0 1049 1936
0 1050 2221
0 1051 697
0 1052 2136
0 1053 2876
0 1054 73
0 1055 1741
0 1056 692
0 1057 3129
0 1058 453
0 1059 1074
0 1060 2085
0 1061 1695
0 1062 2548
0 1063 2626
0 1064 2413
0 1065 627
0 1066 576
0 1067 443
0 1068 3103
0 1069 2893
0 1070 1258
0 1071 2011
0 1072 1624
0 1073 1393
0 1074 190
0 1075 1203
0 1076 905
0 1077 1107
0 1078 1425
0 1079 3011
0 1080 1213
0 1081 3300
0 1082 3257
0 1083 1737
0 1084 942
0 1085 3190
0 1086 2725
0 1087 1609
0 1088 843
0 1089 1288
0 1090 3343
0 1091 1092
0 1092 2995
0 1093 783
0 1094 532
0 1095 2173
0 1096 737
0 1097 2667
0 1098 3211
0 1099 666
0 1100 3220
0 1101 675
0 1102 3251
0 1103 583
0 1104 1629
0 1105 256
0 1106 167
0 1107 2890
0 1108 2809
0 1109 487
0 1110 2580
0 1111 1858
0 1112 2220
0 1113 949
0 1114 674
0 1115 845
0 1116 3365
0 1117 884
0 1118 717
0 1119 320
0 1120 1238
0 1121 1296
0 1122 2407
0 1123 333
0 1124 1458
0 1125 603
0 1126 294
0 1127 3053
0 1128 51
0 1129 623
0 1130 167
0 1131 2483
0 1132 978
0 1133 2996
0 1134 1612
0 1135 2726
0 1136 2777
0 1137 2365
0 1138 110
0 1139 3276
0 1140 1015
0 1141 3376
0 1142 1439
0 1143 1466
0 1144 1754
0 1145 2275
0 1146 2775
0 1147 1235
0 1148 3228
0 1149 716
0 1150 2494
0 1151 2345
0 1152 36
0 1153 2000
0 1154 2201
0 1155 3112
0 1156 158
0 1157 951
0 1158 498
0 1159 1589
0 1160 323
0 1161 754
0 1162 786
0 1163 920
0 1164 234
0 1165 2754
0 1166 1182
0 1167 413
0 1168 1187
0 1169 535
0 1170 1732
0 1171 2032
0 1172 3342
0 1173 586
0 1174 664
0 1175 694
0 1176 615
0 1177 243
0 1178 3056
0 1179 3256
0 1180 1253
0 1181 2638
0 1182 511
0 1183 3043
0 1184 436
0 1185 1328
0 1186 2609
0 1187 2433
0 1188 2931
0 1189 2227
0 1190 1046
0 1191 1883
0 1192 1489
0 1193 631
0 1194 1288
0 1195 302
0 1196 1611
0 1197 203
0 1198 270
0 1199 1170
0 1200 1050
0 1201 2196
0 1202 381
0 1203 1715
0 1204 1536
0 1205 1089
0 1206 1783
0 1207 1119
0 1208 2946
0 1209 1424
0 1210 1815
0 1211 3049
0 1212 3023
0 1213 2816
0 1214 2309
0 1215 2177
0 1216 2220
0 1217 3047
0 1218 524
0 1219 2296
0 1220 575
0 1221 2391
0 1222 1719
0 1223 280
0 1224 3119
0 1225 285
0 1226 2003
0 1227 2435
0 1228 456
0 1229 929
0 1230 783
0 1231 375
0 1232 450
0 1233 1705
0 1234 1253
0 1235 3032
0 1236 1664
0 1237 2983
0 1238 807
0 1239 2636
0 1240 3059
0 1241 2689
0 1242 2788
0 1243 1999
0 1244 3115
0 1245 379
0 1246 1457
0 1247 1545
0 1248 78
0 1249 881
0 1250 2351
0 1251 1128
0 1252 1929
0 1253 7
0 1254 156
0 1255 2930
0 1256 1367
0 1257 2210
0 1258 609
0 1259 178
0 1260 1381
0 1261 1997
0 1262 796
0 1263 3209
0 1264 3180
0 1265 269
0 1266 1155
0 1267 2478
0 1268 2838
0 1269 3270
0 1270 383
0 1271 760
0 1272 2675
0 1273 3027
0 1274 3000
0 1275 2685
0 1276 1309
0 1277 800
0 1278 2226
0 1279 2956
0 1280 2516
0 1281 1152
0 1282 3066
0 1283 588
0 1284 1110
0 1285 2346
0 1286 1990
0 1287 118
0 1288 807
0 1289 3247
0 1290 1932
0 1291 2788
0 1292 2712
0 1293 399
0 1294 2324
0 1295 1013
0 1296 837
0 1297 2564
0 1298 659
0 1299 2809
0 1300 593
0 1301 2261
0 1302 1019
0 1303 2166
0 1304 2461
0 1305 2878
0 1306 1562
0 1307 773
0 1308 2587
0 1309 1375
0 1310 658
0 1311 2488
0 1312 442
0 1313 1492
0 1314 2423
0 1315 140
0 1316 1825
0 1317 1744
0 1318 1589
0 1319 2408
0 1320 1584
0 1321 1685
0 1322 2402
0 1323 782
0 1324 2918
0 1325 2852
0 1326 2532
0 1327 1358
0 1328 191
0 1329 2218
0 1330 1067
0 1331 542
0 1332 1408
0 1333 1206
0 1334 1077
0 1335 2052
0 1336 1029
0 1337 2773
0 1338 2704
0 1339 887
0 1340 2952
0 1341 2363
0 1342 787
0 1343 2646
0 1344 610
0 1345 3009
0 1346 906
0 1347 3146
0 1348 826
0 1349 2283
0 1350 3337
0 1351 2132
0 1352 1115
0 1353 2666
0 1354 1548
0 1355 2087
0 1356 936
0 1357 795
0 1358 2189
0 1359 1011
0 1360 551
0 1361 1059
0 1362 2045
0 1363 1494
0 1364 2442
0 1365 605
0 1366 2182
0 1367 17
0 1368 1014
0 1369 302
0 1370 1922
0 1371 2769
0 1372 229
0 1373 234
0 1374 114
0 1375 2910
0 1376 2310
0 1377 2169
0 1378 740
0 1379 3353
0 1380 410
0 1381 3243
0 1382 1707
0 1383 1766
0 1384 2523
0 1385 1631
0 1386 1309
0 1387 280
0 1388 236
0 1389 2484
0 1390 933
0 1391 1482
0 1392 1188
0 1393 1013
0 1394 2634
0 1395 852
0 1396 2005
0 1397 2908
0 1398 2804
0 1399 63
0 1400 627
0 1401 1929
0 1402 1185
0 1403 930
0 1404 1167
0 1405 2192
0 1406 415
0 1407 2088
0 1408 1758
0 1409 2976
0 1410 151
0 1411 2793
0 1412 1317
0 1413 1468
0 1414 1190
0 1415 1437
0 1416 2482
0 1417 530
0 1418 1321
0 1419 946
0 1420 1723
0 1421 901
0 1422 650
0 1423 572
0 1424 2022
0 1425 1731
0 1426 2607
0 1427 737
0 1428 1247
0 1429 1377
0 1430 1295
0 1431 1816
0 1432 749
0 1433 3066
0 1434 3195
0 1435 2562
0 1436 825
0 1437 1859
0 1438 1320
0 1439 1706
0 1440 1224
0 1441 61
0 1442 2481
0 1443 637
0 1444 3080
0 1445 1158
0 1446 2111
0 1447 1949
0 1448 338
0 1449 1749
0 1450 250
0 1451 3089
0 1452 356
0 1453 1112
0 1454 1084
0 1455 1840
0 1456 1926
0 1457 2289
0 1458 1112
0 1459 1762
0 1460 103
0 1461 4
0 1462 621
0 1463 2201
0 1464 202
0 1465 2939
0 1466 2928
0 1467 2203
0 1468 819
0 1469 2237
0 1470 2686
0 1471 2623
0 1472 3281
0 1473 3016
0 1474 2683
0 1475 2319
0 1476 294
0 1477 357
0 1478 3320
0 1479 1084
0 1480 2500
0 1481 0
0 1482 1215
0 1483 1840
0 1484 2383
0 1485 1019
0 1486 1860
0 1487 1757
0 1488 2442
0 1489 1515
0 1490 1405
0 1491 2694
0 1492 2700
0 1493 7
0 1494 251
0 1495 527
0 1496 2846
0 1497 1880
0 1498 3191
0 1499 2335
0 1500 1553
0 1501 1869
0 1502 873
0 1503 2669
0 1504 2700
0 1505 1601
0 1506 3195
0 1507 1963
0 1508 3237
0 1509 1429
0 1510 515
0 1511 2040
0 1512 2169
0 1513 1236
0 1514 624
0 1515 617
0 1516 1011
0 1517 475
0 1518 2829
0 1519 2552
0 1520 2045
0 1521 1039
0 1522 1386
0 1523 451
0 1524 2829
0 1525 165
0 1526 1234
0 1527 500
0 1528 2372
0 1529 1327
0 1530 422
0 1531 1567
0 1532 1878
0 1533 1919
0 1534 2257
0 1535 358
0 1536 2666
0 1537 1206
0 1538 86
0 1539 292
0 1540 2728
0 1541 1595
0 1542 766
0 1543 1936
0 1544 2988
0 1545 1709
0 1546 1701
0 1547 3357
0 1548 732
0 1549 2300
0 1550 345
0 1551 1732
0 1552 2888
0 1553 1231
0 1554 1038
0 1555 1248
0 1556 1850
0 1557 2224
0 1558 780
0 1559 3132
0 1560 2239
0 1561 1131
0 1562 1581
0 1563 39
0 1564 2809
0 1565 2130
0 1566 1279
0 1567 2327
0 1568 2281
0 1569 1913
0 1570 291
0 1571 1589
0 1572 2899
0 1573 369
0 1574 887
0 1575 1629
0 1576 2147
0 1577 3170
0 1578 3326
0 1579 3026
0 1580 1111
0 1581 2145
0 1582 1120
0 1583 3232
0 1584 2033
0 1585 1885
0 1586 3101
0 1587 3040
0 1588 924
0 1589 761
0 1590 3079
0 1591 3034
0 1592 1482
0 1593 3258
0 1594 1187
0 1595 1788
0 1596 1442
0 1597 1833
0 1598 2056
0 1599 1370
0 1600 611
0 1601 2886
0 1602 2353
0 1603 2882
0 1604 2951
0 1605 3270
0 1606 3322
0 1607 1640
0 1608 524
0 1609 37
0 1610 1730
0 1611 2230
0 1612 2861
0 1613 3020
0 1614 1614
0 1615 1205
0 1616 893
0 1617 2547
0 1618 2931
0 1619 1932
0 1620 2022
0 1621 1090
0 1622 45
0 1623 2254
0 1624 1463
0 1625 649
0 1626 2929
0 1627 2246
0 1628 1772
0 1629 286
0 1630 148
0 1631 2450
0 1632 749
0 1633 2029
0 1634 810
0 1635 1377
0 1636 2225
0 1637 881
0 1638 601
0 1639 1154
0 1640 1667
0 1641 2359
0 1642 1644
0 1643 1725
0 1644 1768
0 1645 2118
0 1646 2901
0 1647 1634
0 1648 1531
0 1649 3199
0 1650 2019
0 1651 963
0 1652 1514
0 1653 1696
0 1654 2729
0 1655 1839
0 1656 2172
0 1657 535
0 1658 80
0 1659 1752
0 1660 494
0 1661 1399
0 1662 2143
0 1663 1764
0 1664 1360
0 1665 2414
0 1666 3090
0 1667 1897
0 1668 1545
0 1669 2626
0 1670 1017
0 1671 717
0 1672 1319
0 1673 1362
0 1674 2784
0 1675 1436
0 1676 2195
0 1677 611
0 1678 192
0 1679 2745
0 1680 1923
0 1681 539
0 1682 560
0 1683 652
0 1684 630
0 1685 1324
0 1686 3152
0 1687 1496
0 1688 183
0 1689 2798
0 1690 3188
0 1691 153
0 1692 3226
0 1693 2594
0 1694 1341
0 1695 580
0 1696 2771
0 1697 2475
0 1698 1817
0 1699 318
0 1700 866
0 1701 1643
0 1702 2609
0 1703 2571
0 1704 261
0 1705 2894
0 1706 3230
0 1707 2143
0 1708 1893
0 1709 2980
0 1710 2778
0 1711 2775
0 1712 1025
0 1713 2848
0 1714 152
0 1715 1696
0 1716 2097
0 1717 0
0 1718 984
0 1719 942
0 1720 142
0 1721 334
0 1722 1241
0 1723 3214
0 1724 2887
0 1725 1555
0 1726 2070
0 1727 2884
0 1728 3246
0 1729 3107
0 1730 1146
0 1731 1143
0 1732 2977
0 1733 3155
0 1734 265
0 1735 2557
0 1736 1950
0 1737 2090
0 1738 1450
0 1739 72
0 1740 434
0 1741 1461
0 1742 2599
0 1743 3011
0 1744 2159
0 1745 254
0 1746 2107
0 1747 918
0 1748 2354
0 1749 377
0 1750 2875
0 1751 578
0 1752 1603
0 1753 2678
0 1754 1519
0 1755 330
0 1756 3340
0 1757 283
0 1758 101
0 1759 1861
0 1760 1359
0 1761 1918
0 1762 2584
0 1763 273
0 1764 334
0 1765 1839
0 1766 2263
0 1767 575
0 1768 679
0 1769 593
0 1770 361
0 1771 1433
0 1772 2596
0 1773 2077
0 1774 941
0 1775 2384
0 1776 1511
0 1777 2580
0 1778 2384
0 1779 1063
0 1780 1019
0 1781 2671
0 1782 2187
0 1783 2169
0 1784 33
0 1785 545
0 1786 1894
0 1787 1680
0 1788 481
0 1789 1379
0 1790 881
0 1791 2191
0 1792 2744
0 1793 2700
0 1794 260
0 1795 539
0 1796 2084
0 1797 2097
0 1798 1230
0 1799 3292
0 1800 2882
0 1801 1839
0 1802 563
0 1803 1119
0 1804 3163
0 1805 1986
0 1806 3361
0 1807 2205
0 1808 2675
0 1809 1499
0 1810 37
0 1811 1003
0 1812 3255
0 1813 1954
0 1814 943
0 1815 2762
0 1816 3365
0 1817 2649
0 1818 2995
0 1819 2085
0 1820 1153
0 1821 1633
0 1822 1300
0 1823 459
0 1824 2193
0 1825 2237
0 1826 1532
0 1827 2256
0 1828 1293
0 1829 148
0 1830 2174
0 1831 1511
0 1832 1443
0 1833 903
0 1834 1700
0 1835 633
0 1836 766
0 1837 3009
0 1838 107
0 1839 1087
0 1840 769
0 1841 264
0 1842 2618
0 1843 2151
0 1844 169
0 1845 997
0 1846 1393
0 1847 427
0 1848 2946
0 1849 235
0 1850 2802
0 1851 1273
0 1852 2875
0 1853 1810
0 1854 1508
0 1855 1028
0 1856 1564
0 1857 2143
0 1858 2657
0 1859 1524
0 1860 3332
0 1861 1934
0 1862 193
0 1863 569
0 1864 2050
0 1865 2761
0 1866 86
0 1867 294
0 1868 1947
0 1869 466
0 1870 2243
0 1871 2389
0 1872 1007
0 1873 1210
0 1874 165
0 1875 3062
0 1876 2268
0 1877 1144
0 1878 263
0 1879 1013
0 1880 906
0 1881 1191
0 1882 2049
0 1883 501
0 1884 1955
0 1885 2264
0 1886 1536
0 1887 2531
0 1888 653
0 1889 2098
0 1890 1979
0 1891 2728
0 1892 1878
0 1893 485
0 1894 2424
0 1895 73
0 1896 1579
0 1897 3019
0 1898 1889
0 1899 1287
0 1900 548
0 1901 3123
0 1902 122
0 1903 17
0 1904 1145
0 1905 1025
0 1906 1347
0 1907 2807
0 1908 2282
0 1909 1977
0 1910 920
0 1911 1261
0 1912 352
0 1913 2695
0 1914 2200
0 1915 2899
0 1916 3281
0 1917 913
0 1918 630
0 1919 1245
0 1920 2938
0 1921 526
0 1922 2958
0 1923 1650
0 1924 547
0 1925 3285
0 1926 1707
0 1927 3018
0 1928 929
0 1929 1097
0 1930 1504
0 1931 1590
0 1932 1358
0 1933 74
0 1934 2892
0 1935 2754
0 1936 2620
0 1937 2574
0 1938 699
0 1939 1989
0 1940 1197
0 1941 1650
0 1942 198
0 1943 2312
0 1944 1658
0 1945 3031
0 1946 2740
0 1947 1641
0 1948 1408
0 1949 665
0 1950 2304
0 1951 1229
0 1952 49
0 1953 2028
0 1954 2689
0 1955 2701
0 1956 2752
0 1957 1528
0 1958 2248
0 1959 583
0 1960 965
0 1961 899
0 1962 2836
0 1963 1055
0 1964 1196
0 1965 273
0 1966 668
0 1967 3177
0 1968 2787
0 1969 1718
0 1970 2607
0 1971 2739
0 1972 1479
0 1973 275
0 1974 2580
0 1975 589
0 1976 2131
0 1977 577
0 1978 850
0 1979 548
0 1980 823
0 1981 3004
0 1982 1177
0 1983 3174
0 1984 2833
0 1985 3190
0 1986 8
0 1987 1345
0 1988 2586
0 1989 1874
0 1990 28
0 1991 2544
0 1992 831
0 1993 9
0 1994 1400
0 1995 723
0 1996 2084
0 1997 2467
0 1998 2706
0 1999 1983
0 2000 317
0 2001 1513
0 2002 699
0 2003 2306
0 2004 2356
0 2005 927
0 2006 2642
0 2007 2659
0 2008 1402
0 2009 903
0 2010 2878
0 2011 2953
0 2012 71
0 2013 1235
0 2014 3237
0 2015 1699
0 2016 153
0 2017 2046
0 2018 225
0 2019 661
0 2020 3061
0 2021 1450
0 2022 373
0 2023 2126
0 2024 993
0 2025 2861
0 2026 196
0 2027 1482
0 2028 2466
0 2029 2283
0 2030 2604
0 2031 552
0 2032 3310
0 2033 2740
0 2034 137
0 2035 138
0 2036 1506
0 2037 526
0 2038 582
0 2039 1591
0 2040 767
0 2041 1563
0 2042 366
0 2043 2226
0 2044 2226
0 2045 2772
0 2046 2195
0 2047 2922
0 2048 90
0 2049 102
0 2050 3294
0 2051 1540
0 2052 3273
0 2053 2712
0 2054 722
0 2055 2032
0 2056 2221
0 2057 1483
0 2058 1600
0 2059 3041
0 2060 2953
0 2061 3049
0 2062 1955
0 2063 1632
0 2064 917
0 2065 2227
0 2066 2764
0 2067 3298
0 2068 3160
0 2069 311
0 2070 1215
0 2071 1268
0 2072 1825
0 2073 2914
0 2074 3146
0 2075 1379
0 2076 702
0 2077 2462
0 2078 2793
0 2079 2496
0 2080 2252
0 2081 312
0 2082 2130
0 2083 2353
0 2084 2458
0 2085 3317
0 2086 765
0 2087 2267
0 2088 1200
0 2089 2864
0 2090 1619
0 2091 2593
0 2092 234
0 2093 2276
0 2094 3245
0 2095 2905
0 2096 1848
0 2097 3310
0 2098 338
0 2099 113
0 2100 1217
0 2101 2124
0 2102 2481
0 2103 1197
0 2104 738
0 2105 1684
0 2106 499
0 2107 1577
0 2108 1211
0 2109 1154
0 2110 3237
0 2111 1832
0 2112 809
0 2113 3358
0 2114 2538
0 2115 2661
0 2116 320
0 2117 510
0 2118 70
0 2119 1496
0 2120 1678
0 2121 1926
0 2122 713
0 2123 1895
0 2124 3300
0 2125 100
0 2126 1415
0 2127 1397
0 2128 1612
0 2129 3005
0 2130 209
0 2131 1718
0 2132 2544
0 2133 3002
0 2134 177
0 2135 896
0 2136 2085
0 2137 784
0 2138 1353
0 2139 1124
0 2140 1495
0 2141 1990
0 2142 1618
0 2143 997
0 2144 2738
0 2145 224
0 2146 2942
0 2147 518
0 2148 87
0 2149 3279
0 2150 3164
0 2151 1102
0 2152 953
0 2153 1456
0 2154 2762
0 2155 188
0 2156 3038
0 2157 3343
0 2158 1425
0 2159 219
0 2160 2774
0 2161 2813
0 2162 2350
0 2163 1866
0 2164 3005
0 2165 583
0 2166 1473
0 2167 2930
0 2168 273
0 2169 1865
0 2170 496
0 2171 2219
0 2172 2136
0 2173 2972
0 2174 982
0 2175 3108
0 2176 454
0 2177 902
0 2178 1484
0 2179 2263
0 2180 1065
0 2181 278
0 2182 2967
0 2183 444
0 2184 1020
0 2185 957
0 2186 2587
0 2187 266
0 2188 2294
0 2189 2537
0 2190 345
0 2191 469
0 2192 1454
0 2193 2302
0 2194 2730
0 2195 228
0 2196 2312
0 2197 1215
0 2198 3283
0 2199 756
0 2200 1504
0 2201 255
0 2202 2571
0 2203 1495
0 2204 1490
0 2205 674
0 2206 1549
0 2207 1500
0 2208 534
0 2209 2309
0 2210 1084
0 2211 3266
0 2212 1346
0 2213 1025
0 2214 390
0 2215 2954
0 2216 3166
0 2217 365
0 2218 2152
0 2219 1050
0 2220 2360
0 2221 1314
0 2222 3240
0 2223 890
0 2224 831
0 2225 2491
0 2226 2441
0 2227 1727
0 2228 2344
0 2229 2054
0 2230 382
0 2231 1353
0 2232 129
0 2233 1514
0 2234 108
0 2235 1175
0 2236 2101
0 2237 2408
0 2238 1738
0 2239 2350
0 2240 1748
0 2241 2465
0 2242 3367
0 2243 1783
0 2244 850
0 2245 1118
0 2246 961
0 2247 2269
0 2248 2229
0 2249 726
0 2250 1785
0 2251 626
0 2252 281
0 2253 2894
0 2254 532
0 2255 2263
0 2256 1013
0 2257 773
0 2258 2289
0 2259 2338
0 2260 2412
0 2261 515
0 2262 2292
0 2263 2592
0 2264 1607
0 2265 2171
0 2266 1232
0 2267 2306
0 2268 573
0 2269 547
0 2270 2219
0 2271 1041
0 2272 3176
0 2273 1853
0 2274 214
0 2275 3339
0 2276 3015
0 2277 1484
0 2278 2318
0 2279 149
0 2280 1464
0 2281 1153
0 2282 1189
0 2283 977
0 2284 1338
0 2285 2318
0 2286 769
0 2287 647
0 2288 1403
0 2289 718
0 2290 1105
0 2291 3288
0 2292 617
0 2293 3062
0 2294 515
0 2295 1000
0 2296 900
0 2297 1557
0 2298 946
0 2299 3073
0 2300 2087
0 2301 1918
0 2302 1174
0 2303 396
0 2304 2178
0 2305 1392
0 2306 3149
0 2307 129
0 2308 2625
0 2309 272
0 2310 3338
0 2311 1746
0 2312 1722
0 2313 853
0 2314 799
0 2315 213
0 2316 1834
0 2317 3334
0 2318 1235
0 2319 2249
0 2320 354
0 2321 250
0 2322 815
0 2323 1589
0 2324 259
0 2325 3250
0 2326 3324
0 2327 886
0 2328 703
0 2329 2136
0 2330 2751
0 2331 2523
0 2332 822
0 2333 2463
0 2334 1744
0 2335 883
0 2336 808
0 2337 738
0 2338 780
0 2339 739
0 2340 2378
0 2341 3332
0 2342 413
0 2343 2755
0 2344 1125
0 2345 2508
0 2346 2791
0 2347 2363
0 2348 1247
0 2349 1171
0 2350 1461
0 2351 2140
0 2352 246
0 2353 2115
0 2354 1367
0 2355 514
0 2356 1064
0 2357 1990
0 2358 2328
0 2359 2180
0 2360 2333
0 2361 49
0 2362 2765
0 2363 1902
0 2364 1559
0 2365 2441
0 2366 2219
0 2367 2981
0 2368 1430
0 2369 999
0 2370 2713
0 2371 763
0 2372 2745
0 2373 221
0 2374 635
0 2375 1255
0 2376 2491
0 2377 1123
0 2378 1961
0 2379 488
0 2380 3249
0 2381 2134
0 2382 3228
0 2383 2831
0 2384 2412
0 2385 35
0 2386 1415
0 2387 1490
0 2388 1544
0 2389 120
0 2390 1518
0 2391 2115
0 2392 1328
0 2393 3020
0 2394 1216
0 2395 1961
0 2396 2124
0 2397 688
0 2398 100
0 2399 2451
0 2400 968
0 2401 1008
0 2402 2051
0 2403 704
0 2404 3315
0 2405 353
0 2406 1513
0 2407 734
0 2408 165
0 2409 2274
0 2410 1603
0 2411 2020
0 2412 3200
0 2413 1979
0 2414 1784
0 2415 88
0 2416 1733
0 2417 1677
0 2418 2366
0 2419 1728
0 2420 3045
0 2421 1106
0 2422 373
0 2423 304
0 2424 2654
0 2425 1635
0 2426 2442
0 2427 1947
0 2428 144
0 2429 1030
0 2430 541
0 2431 1820
0 2432 1382
0 2433 2400
0 2434 398
0 2435 1582
0 2436 1793
0 2437 1584
0 2438 3149
0 2439 1316
0 2440 954
0 2441 1155
0 2442 2362
0 2443 1053
0 2444 2002
0 2445 1456
0 2446 27
0 2447 834
0 2448 1507
0 2449 2302
0 2450 2639
0 2451 1325
0 2452 1315
0 2453 2596
0 2454 2992
0 2455 1772
0 2456 2804
0 2457 2794
0 2458 2043
0 2459 2293
0 2460 2165
0 2461 467
0 2462 3172
0 2463 1263
0 2464 1564
0 2465 2175
0 2466 2450
0 2467 1214
0 2468 3111
0 2469 2370
0 2470 121
0 2471 2796
0 2472 1839
0 2473 1506
0 2474 1896
0 2475 2338
0 2476 2727
0 2477 229
0 2478 1079
0 2479 517
0 2480 606
0 2481 646
0 2482 370
0 2483 894
0 2484 680
0 2485 818
0 2486 852
0 2487 2436
0 2488 599
0 2489 991
0 2490 2097
0 2491 574
0 2492 3049
0 2493 2001
0 2494 82
0 2495 2990
0 2496 2733
0 2497 3168
0 2498 1806
0 2499 2668
0 2500 3221
0 2501 1098
0 2502 2770
0 2503 2956
0 2504 2471
0 2505 2087
0 2506 1967
0 2507 2017
0 2508 135
0 2509 2956
0 2510 2541
0 2511 2709
0 2512 575
0 2513 1622
0 2514 2193
0 2515 1226
0 2516 874
0 2517 2731
0 2518 520
0 2519 1601
0 2520 912
0 2521 2302
0 2522 676
0 2523 2991
0 2524 1846
0 2525 2821
0 2526 801
0 2527 100
0 2528 1014
0 2529 2907
0 2530 904
0 2531 2776
0 2532 912
0 2533 3166
0 2534 2062
0 2535 2625
0 2536 2808
0 2537 1424
0 2538 338
0 2539 131
0 2540 942
0 2541 1380
0 2542 2910
0 2543 2537
0 2544 3264
0 2545 3140
0 2546 2630
0 2547 1605
0 2548 1093
0 2549 2382
0 2550 337
0 2551 2976
0 2552 2163
0 2553 1409
0 2554 3341
0 2555 2411
0 2556 2137
0 2557 2067
0 2558 900
0 2559 2595
0 2560 2970
0 2561 2392
0 2562 2569
0 2563 1919
0 2564 2881
0 2565 1747
0 2566 674
0 2567 279
0 2568 3114
0 2569 1174
0 2570 2257
0 2571 2981
0 2572 1876
0 2573 3053
0 2574 906
0 2575 3256
0 2576 3059
0 2577 168
0 2578 1664
0 2579 478
0 2580 672
0 2581 507
0 2582 221
0 2583 3182
0 2584 3083
0 2585 1541
0 2586 161
0 2587 3363
0 2588 206
0 2589 2860
0 2590 1237
0 2591 2246
0 2592 1959
0 2593 2717
0 2594 2590
0 2595 1002
0 2596 3126
0 2597 1417
0 2598 2180
0 2599 3188
0 2600 2948
0 2601 3085
0 2602 1201
0 2603 1168
0 2604 2498
0 2605 2273
0 2606 875
0 2607 18
0 2608 58
0 2609 1280
0 2610 3047
0 2611 190
0 2612 772
0 2613 1817
0 2614 3008
0 2615 2232
0 2616 2703
0 2617 3310
0 2618 1194
0 2619 1104
0 2620 1259
0 2621 141
0 2622 524
0 2623 969
0 2624 2791
0 2625 680
0 2626 522
0 2627 2797
0 2628 848
0 2629 1281
0 2630 2264
0 2631 3094
0 2632 1831
0 2633 1576
0 2634 1172
0 2635 3041
0 2636 1159
0 2637 1036
0 2638 2655
0 2639 147
0 2640 2772
0 2641 1632
0 2642 1123
0 2643 224
0 2644 998
0 2645 1490
0 2646 612
0 2647 150
0 2648 365
0 2649 2365
0 2650 334
0 2651 3224
0 2652 1181
0 2653 2960
0 2654 3102
0 2655 349
0 2656 2815
0 2657 271
0 2658 25
0 2659 1132
0 2660 3156
0 2661 2053
0 2662 1227
0 2663 1545
0 2664 1287
0 2665 2306
0 2666 2508
0 2667 1249
0 2668 2764
0 2669 1268
0 2670 2929
0 2671 846
0 2672 3129
0 2673 194
0 2674 2115
0 2675 2607
0 2676 1098
0 2677 2402
0 2678 3072
0 2679 2373
0 2680 1458
0 2681 3229
0 2682 2000
0 2683 1282
0 2684 1399
0 2685 2057
0 2686 23
0 2687 973
0 2688 3062
0 2689 842
0 2690 1771
0 2691 830
0 2692 1082
0 2693 1673
0 2694 2971
0 2695 3138
0 2696 1451
0 2697 1903
0 2698 194
0 2699 1799
0 2700 1543
0 2701 421
0 2702 289
0 2703 341
0 2704 2144
0 2705 2445
0 2706 132
0 2707 3126
0 2708 1290
0 2709 261
0 2710 1056
0 2711 1852
0 2712 1544
0 2713 2748
0 2714 3230
0 2715 527
0 2716 1787
0 2717 1268
0 2718 123
0 2719 2084
0 2720 1493
0 2721 1840
0 2722 408
0 2723 2157
0 2724 2007
0 2725 1386
0 2726 1145
0 2727 1676
0 2728 2092
0 2729 3179
0 2730 420
0 2731 400
0 2732 3014
0 2733 1963
0 2734 1657
0 2735 2271
0 2736 1478
0 2737 1127
0 2738 492
0 2739 454
0 2740 1935
0 2741 2521
0 2742 2342
0 2743 2694
0 2744 1894
0 2745 2598
0 2746 1792
0 2747 1322
0 2748 2020
0 2749 3009
0 2750 2327
0 2751 2939
0 2752 2116
0 2753 1121
0 2754 1445
0 2755 1848
0 2756 3318
0 2757 3037
0 2758 429
0 2759 426
0 2760 1932
0 2761 926
0 2762 2665
0 2763 2742
0 2764 3374
0 2765 498
0 2766 1340
0 2767 2520
0 2768 1746
0 2769 895
0 2770 3153
0 2771 2560
0 2772 2850
0 2773 2042
0 2774 68
0 2775 3276
0 2776 2059
0 2777 1167
0 2778 1927
0 2779 830
0 2780 2583
0 2781 2525
0 2782 1055
0 2783 2464
0 2784 1139
0 2785 687
0 2786 3011
0 2787 194
0 2788 849
0 2789 2318
0 2790 2687
0 2791 642
0 2792 2366
0 2793 1522
0 2794 3093
0 2795 166
0 2796 1996
0 2797 694
0 2798 1635
0 2799 1034
0 2800 1842
0 2801 2450
0 2802 3062
0 2803 1043
0 2804 2642
0 2805 1065
0 2806 2122
0 2807 2997
0 2808 1897
0 2809 2685
0 2810 157
0 2811 109
0 2812 1738
0 2813 2417
0 2814 2093
0 2815 1962
0 2816 3184
0 2817 2972
0 2818 247
0 2819 1380
0 2820 369
0 2821 2616
0 2822 2570
0 2823 2235
0 2824 2727
0 2825 290
0 2826 1288
0 2827 69
0 2828 2445
0 2829 1063
0 2830 334
0 2831 2499
0 2832 1640
0 2833 3206
0 2834 1639
0 2835 177
0 2836 727
0 2837 404
0 2838 393
0 2839 2282
0 2840 2584
0 2841 2351
0 2842 2852
0 2843 3100
0 2844 1595
0 2845 487
0 2846 1990
0 2847 1395
0 2848 677
0 2849 2740
0 2850 1523
0 2851 3355
0 2852 689
0 2853 1163
0 2854 3062
0 2855 398
0 2856 631
0 2857 2782
0 2858 2299
0 2859 2596
0 2860 2339
0 2861 2072
0 2862 2205
0 2863 1139
0 2864 2002
0 2865 2029
0 2866 1704
0 2867 363
0 2868 715
0 2869 1818
0 2870 506
0 2871 1567
0 2872 2567
0 2873 2557
0 2874 1237
0 2875 2775
0 2876 1029
0 2877 3244
0 2878 896
0 2879 2763
0 2880 2232
0 2881 1601
0 2882 60
0 2883 864
0 2884 79
0 2885 523
0 2886 1285
0 2887 1822
0 2888 414
0 2889 119
0 2890 1428
0 2891 1656
0 2892 2478
0 2893 395
0 2894 2779
0 2895 1325
0 2896 1386
0 2897 2265
0 2898 2417
0 2899 2522
0 2900 1624
0 2901 1922
0 2902 1556
0 2903 1969
0 2904 2279
0 2905 45
0 2906 436
0 2907 2759
0 2908 1749
0 2909 3274
0 2910 196
0 2911 2671
0 2912 3254
0 2913 251
0 2914 1970
0 2915 2014
0 2916 329
0 2917 2848
0 2918 3365
0 2919 2394
0 2920 2671
0 2921 2775
0 2922 451
0 2923 1466
0 2924 2448
0 2925 2432
0 2926 2200
0 2927 2706
0 2928 926
0 2929 602
0 2930 2313
0 2931 3359
0 2932 3282
0 2933 294
0 2934 1165
0 2935 1583
0 2936 3145
0 2937 2127
0 2938 900
0 2939 1450
0 2940 3242
0 2941 1531
0 2942 148
0 2943 2802
0 2944 468
0 2945 2855
0 2946 1591
0 2947 1233
0 2948 664
0 2949 3122
0 2950 2139
0 2951 720
0 2952 1204
0 2953 2059
0 2954 1531
0 2955 349
0 2956 279
0 2957 3021
0 2958 836
0 2959 2580
0 2960 2059
0 2961 917
0 2962 2683
0 2963 99
0 2964 2955
0 2965 2190
0 2966 2923
0 2967 196
0 2968 1820
0 2969 331
0 2970 2117
0 2971 1141
0 2972 1073
0 2973 2277
0 2974 888
0 2975 1809
0 2976 25
0 2977 1514
0 2978 408
0 2979 1918
0 2980 3143
0 2981 2673
0 2982 2828
0 2983 1831
0 2984 2619
0 2985 2217
0 2986 1820
0 2987 1193
0 2988 561
0 2989 1994
0 2990 2315
0 2991 618
0 2992 2140
0 2993 1438
0 2994 1157
0 2995 617
0 2996 73
0 2997 1633
0 2998 1179
0 2999 3353
0 3000 2364
0 3001 3169
0 3002 2277
0 3003 2279
0 3004 3108
0 3005 1252
0 3006 413
0 3007 45
0 3008 1627
0 3009 1938
0 3010 977
0 3011 2912
0 3012 3213
0 3013 393
0 3014 400
0 3015 295
0 3016 1674
0 3017 2858
0 3018 2574
0 3019 989
0 3020 1937
0 3021 2488
0 3022 12
0 3023 556
0 3024 3218
0 3025 829
0 3026 2509
0 3027 808
0 3028 278
0 3029 2040
0 3030 3009
0 3031 3097
0 3032 2387
0 3033 333
0 3034 3339
0 3035 1437
0 3036 123
0 3037 3249
0 3038 321
0 3039 2602
0 3040 1905
0 3041 3172
0 3042 498
0 3043 1550
0 3044 2532
0 3045 1176
0 3046 181
0 3047 1169
0 3048 856
0 3049 2670
0 3050 2062
0 3051 2307
0 3052 828
0 3053 2496
0 3054 29
0 3055 1750
0 3056 3259
0 3057 884
0 3058 3121
0 3059 1474
0 3060 2602
0 3061 1345
0 3062 2867
0 3063 1277
0 3064 818
0 3065 865
0 3066 223
0 3067 2122
0 3068 1609
0 3069 816
0 3070 737
0 3071 732
0 3072 1172
0 3073 2332
0 3074 1291
0 3075 77
0 3076 2562
0 3077 3090
0 3078 2988
0 3079 1069
0 3080 1277
0 3081 1792
0 3082 1647
0 3083 1823
0 3084 879
0 3085 3322
0 3086 1590
0 3087 1202
0 3088 1547
0 3089 1809
0 3090 104
0 3091 2922
0 3092 2154
0 3093 1799
0 3094 1178
0 3095 3130
0 3096 268
0 3097 1401
0 3098 394
0 3099 590
0 3100 1319
0 3101 2312
0 3102 2355
0 3103 1579
0 3104 48
0 3105 6
0 3106 1673
0 3107 3278
0 3108 2539
0 3109 1426
0 3110 1755
0 3111 2366
0 3112 1648
0 3113 456
0 3114 2071
0 3115 1116
0 3116 134
0 3117 3147
0 3118 1779
0 3119 2338
0 3120 39
0 3121 184
0 3122 82
0 3123 2259
0 3124 2967
0 3125 3218
0 3126 1284
0 3127 1408
0 3128 278
0 3129 2392
0 3130 2258
0 3131 1382
0 3132 1587
0 3133 818
0 3134 3039
0 3135 806
0 3136 1825
0 3137 1608
0 3138 2047
0 3139 922
0 3140 2168
0 3141 182
0 3142 2806
0 3143 689
0 3144 3350
0 3145 1355
0 3146 1082
0 3147 3301
0 3148 3194
0 3149 1437
0 3150 1954
0 3151 833
0 3152 996
0 3153 793
0 3154 1283
0 3155 1840
0 3156 762
0 3157 1286
0 3158 2702
0 3159 1028
0 3160 1034
0 3161 2014
0 3162 2239
0 3163 2802
0 3164 1170
0 3165 2854
0 3166 2234
0 3167 507
0 3168 1992
0 3169 1158
0 3170 837
0 3171 2209
0 3172 1297
0 3173 582
0 3174 1546
0 3175 2482
0 3176 1657
0 3177 1529
0 3178 1894
0 3179 518
0 3180 2969
0 3181 1294
0 3182 1670
0 3183 1149
0 3184 231
0 3185 3112
0 3186 1314
0 3187 820
0 3188 2549
0 3189 2763
0 3190 2126
0 3191 168
0 3192 324
0 3193 3273
0 3194 3238
0 3195 1307
0 3196 647
0 3197 3044
0 3198 1632
0 3199 3128
0 3200 62
0 3201 3247
0 3202 575
0 3203 1990
0 3204 244
0 3205 2422
0 3206 17
0 3207 2041
0 3208 2954
0 3209 824
0 3210 2361
0 3211 293
0 3212 2308
0 3213 2372
0 3214 2388
0 3215 1006
0 3216 617
0 3217 967
0 3218 876
0 3219 2590
0 3220 1284
0 3221 2851
0 3222 2214
0 3223 2418
0 3224 3338
0 3225 143
0 3226 1787
0 3227 627
0 3228 1752
0 3229 3364
0 3230 441
0 3231 2675
0 3232 1257
0 3233 2423
0 3234 3169
0 3235 2733
0 3236 2848
0 3237 700
0 3238 2509
0 3239 1105
0 3240 1772
0 3241 2212
0 3242 2423
0 3243 2561
0 3244 476
0 3245 535
0 3246 1405
0 3247 162
0 3248 1956
0 3249 2133
0 3250 2073
0 3251 2609
0 3252 1212
0 3253 1742
0 3254 2473
0 3255 233
0 3256 704
0 3257 1562
0 3258 1904
0 3259 278
0 3260 276
0 3261 1334
0 3262 2824
0 3263 2287
0 3264 972
0 3265 2453
0 3266 1122
0 3267 328
0 3268 1257
0 3269 2157
0 3270 1035
0 3271 2774
0 3272 1059
0 3273 1337
0 3274 1056
0 3275 1018
0 3276 933
0 3277 15
0 3278 2655
0 3279 406
0 3280 978
0 3281 622
0 3282 3345
0 3283 2938
0 3284 1644
0 3285 570
0 3286 1949
0 3287 264
0 3288 1604
0 3289 2034
0 3290 1239
0 3291 1646
0 3292 588
0 3293 473
0 3294 1341
0 3295 2750
0 3296 3016
0 3297 442
0 3298 839
0 3299 2324
0 3300 1948
0 3301 964
0 3302 1004
0 3303 2053
0 3304 1362
0 3305 1701
0 3306 2695
0 3307 1023
0 3308 180
0 3309 2609
0 3310 1174
0 3311 1521
0 3312 464
0 3313 1019
0 3314 2511
0 3315 1084
0 3316 2705
0 3317 58
0 3318 1266
0 3319 1405
0 3320 3024
0 3321 551
0 3322 2903
0 3323 554
0 3324 1456
0 3325 1864
0 3326 2284
0 3327 2497
0 3328 18
0 3329 1696
0 3330 674
0 3331 1258
0 3332 46
0 3333 5
0 3334 280
0 3335 1383
0 3336 496
0 3337 2514
0 3338 2029
0 3339 1698
0 3340 1275
0 3341 1931
0 3342 3025
0 3343 588
0 3344 2145
0 3345 1589
0 3346 2509
0 3347 2169
0 3348 2293
0 3349 1526
0 3350 3295
0 3351 195
0 3352 3266
0 3353 3294
0 3354 1275
0 3355 2802
0 3356 95
0 3357 437
0 3358 3050
0 3359 1996
0 3360 1800
0 3361 1485
0 3362 381
0 3363 3349
0 3364 1627
0 3365 1407
0 3366 999
0 3367 2549
0 3368 973
0 3369 3077
0 3370 1235
0 3371 319
0 3372 321
0 3373 3344
0 3374 2340
0 3375 1462
0 3376 1645
0 3377 2370
258
2718
139
488
2687
1972
1287
3034
593
518
277
843
1934
1730
1947
1935
1457
1830
1077
473
2153
2278
219
3135
860
2447
3012
2017
901
2267
1312
3177
810
2789
143
3176
1401
1939
1740
383
2083
1550
2192
904
815
828
3131
848
1735
2940
2053
1222
1225
3037
3356
1155
1817
3007
1673
92
1717
1127
751
1189
1198
1959
634
906
932
1725
1832
3168
1969
2428
1093
1066
2833
1824
198
886
2821
1960
548
1148
3068
2587
672
1445
2390
1851
1594
48
3298
224
905
1798
3205
2704
377
91
3375
969
1074
41
2967
1568
162
2724
864
1521
171
2416
1299
1443
2853
72
3275
2083
