8422 8421 1 46
0 1 8380
0 2 2446
0 3 1181
0 4 3583
0 5 3760
0 6 2575
0 7 3010
0 8 3484
0 9 7694
0 10 79
0 11 1560
0 12 6657
0 13 1590
0 14 67
0 15 3035
0 16 5104
0 17 4255
0 18 5317
0 19 5397
0 20 5184
0 21 4881
0 22 5208
0 23 8104
0 24 4212
0 25 1232
0 26 1985
0 27 2353
0 28 8158
0 29 980
0 30 1505
0 31 5371
0 32 6577
0 33 1980
0 34 2406
0 35 1916
0 36 722
0 37 4336
0 38 5340
0 39 7203
0 40 4928
0 41 7138
0 42 7113
0 43 363
0 44 6394
0 45 6265
0 46 5843
0 47 6016
0 48 4941
0 49 500
0 50 5410
0 51 5864
0 52 1798
0 53 1532
0 54 8078
0 55 134
0 56 4651
0 57 2086
0 58 6840
0 59 3375
0 60 5905
0 61 8027
0 62 5449
0 63 3670
0 64 1524
0 65 3247
0 66 7816
0 67 949
0 68 976
0 69 7970
0 70 4750
0 71 7542
0 72 3488
0 73 6340
0 74 2339
0 75 5726
0 76 1973
0 77 4870
0 78 7831
0 79 7803
0 80 7604
0 81 1716
0 82 5375
0 83 8162
0 84 8191
0 85 8311
0 86 4564
0 87 5777
0 88 7190
0 89 3484
0 90 706
0 91 7398
0 92 5847
0 93 5678
0 94 3748
0 95 4317
0 96 2110
0 97 1924
0 98 4345
0 99 2759
0 100 3846
0 101 1846
0 102 7313
0 103 6785
0 104 3682
0 105 2698
0 106 837
0 107 7714
0 108 4287
0 109 20
0 110 2553
0 111 7418
0 112 8296
0 113 5222
0 114 4599
0 115 4555
0 116 7992
0 117 3826
0 118 577
0 119 4167
0 120 6828
0 121 1519
0 122 1659
0 123 234
0 124 707
0 125 2517
0 126 5956
0 127 7514
0 128 5658
0 129 1988
0 130 6022
0 131 2400
0 132 7096
0 133 6528
0 134 5324
0 135 3467
0 136 2172
0 137 341
0 138 1173
0 139 2891
0 140 7490
0 141 4424
0 142 6929
0 143 8083
0 144 2783
0 145 4807
0 146 4644
0 147 388
0 148 856
0 149 4801
0 150 65
0 151 5740
0 152 47
0 153 7434
0 154 5603
0 155 4202
0 156 4754
0 157 3133
0 158 7414
0 159 4499
0 160 7297
0 161 4801
0 162 1941
0 163 506
0 164 2931
0 165 4898
0 166 1214
0 167 325
0 168 2762
0 169 6446
0 170 3171
0 171 8405
0 172 2020
0 173 4291
0 174 2225
0 175 3135
0 176 6078
0 177 68
0 178 5566
0 179 6588
0 180 2468
0 181 3306
0 182 1185
0 183 6451
0 184 1656
0 185 2755
0 186 6936
0 187 7853
0 188 4337
0 189 7205
0 190 4258
0 191 5713
0 192 6399
0 193 8197
0 194 5880
0 195 2370
0 196 1425
0 197 1110
0 198 5713
0 199 6135
0 200 5080
0 201 2153
0 202 6065
0 203 6714
0 204 7503
0 205 8025
0 206 7869
0 207 6957
0 208 6654
0 209 3915
0 210 3934
0 211 5973
0 212 7949
0 213 8082
0 214 2889
0 215 2632
0 216 2683
0 217 84
0 218 4071
0 219 2557
0 220 7352
0 221 5675
0 222 1840
0 223 3293
0 224 1979
0 225 6475
0 226 1020
0 227 1104
0 228 3416
0 229 4672
0 230 5076
0 231 2945
0 232 8399
0 233 6261
0 234 4685
0 235 1779
0 236 7081
0 237 4114
0 238 7635
0 239 4443
0 240 6568
0 241 460
0 242 2310
0 243 3785
0 244 2264
0 245 4134
0 246 4922
0 247 3237
0 248 1304
0 249 6652
0 250 3254
0 251 3028
0 252 3114
0 253 2342
0 254 6307
0 255 3837
0 256 1119
0 257 8168
0 258 4565
0 259 3818
0 260 6019
0 261 7013
0 262 4117
0 263 1349
0 264 4132
0 265 347
0 266 1694
0 267 383
0 268 8347
0 269 3241
0 270 4775
0 271 6131
0 272 3843
0 273 5812
0 274 7273
0 275 584
0 276 6929
0 277 5241
0 278 1244
0 279 3655
0 280 8356
0 281 4570
0 282 2646
0 283 3373
0 284 1568
0 285 4509
0 286 1171
0 287 379
0 288 5805
0 289 1431
0 290 1284
0 291 7281
0 292 3699
0 293 3074
0 294 942
0 295 216
0 296 1103
0 297 7327
0 298 90
0 299 8306
0 300 3072
0 301 2753
0 302 3335
0 303 6235
0 304 1665
0 305 6360
0 306 7051
0 307 3429
0 308 1453
0 309 4347
0 310 8193
0 311 6238
0 312 8140
0 313 5186
0 314 2581
0 315 3282
0 316 1579
0 317 2328
0 318 2589
0 319 1334
0 320 1738
0 321 4576
0 322 1549
0 323 2659
0 324 2202
0 325 645
0 326 1033
0 327 5377
0 328 3953
0 329 1715
0 330 4125
0 331 3220
0 332 897
0 333 7188
0 334 7236
0 335 266
0 336 1943
0 337 1806
0 338 469
0 339 8118
0 340 7560
0 341 8168
0 342 6309
0 343 2530
0 344 3280
0 345 6975
0 346 4648
0 347 8021
0 348 5798
0 349 6302
0 350 3166
0 351 2476
0 352 7957
0 353 536
0 354 1059
0 355 6302
0 356 7380
0 357 6289
0 358 5004
0 359 677
0 360 5790
0 361 6866
0 362 4300
0 363 2065
0 364 4984
0 365 1169
0 366 7106
0 367 2022
0 368 569
0 369 7005
0 370 5367
0 371 5763
0 372 228
0 373 5345
0 374 6017
0 375 5122
0 376 6308
0 377 136
0 378 2345
0 379 2253
0 380 1974
0 381 6099
0 382 5640
0 383 4695
0 384 3790
0 385 1477
0 386 4270
0 387 2771
0 388 3604
0 389 5727
0 390 4921
0 391 2183
0 392 3044
0 393 1411
0 394 7377
0 395 6836
0 396 1754
0 397 7435
0 398 953
0 399 409
0 400 2423
0 401 8012
0 402 4395
0 403 3321
0 404 3227
0 405 5791
0 406 5371
0 407 6458
0 408 5975
0 409 425
0 410 7272
0 411 2406
0 412 468
0 413 7920
0 414 6045
0 415 6502
0 416 3739
0 417 7616
0 418 48
0 419 894
0 420 5356
0 421 6879
0 422 2067
0 423 3982
0 424 2051
0 425 1641
0 426 3606
0 427 4444
0 428 3920
0 429 2624
0 430 5339
0 431 3540
0 432 3602
0 433 3275
0 434 137
0 435 2145
0 436 163
0 437 5167
0 438 2299
0 439 4101
0 440 17
0 441 321
0 442 7933
0 443 2462
0 444 7922
0 445 3710
0 446 6867
0 447 4025
0 448 5107
0 449 628
0 450 2859
0 451 6653
0 452 6555
0 453 7088
0 454 6938
0 455 535
0 456 367
0 457 5309
0 458 2253
0 459 8045
0 460 871
0 461 4253
0 462 4856
0 463 1220
0 464 4453
0 465 5475
0 466 3017
0 467 2589
0 468 1853
0 469 659
0 470 3946
0 471 1657
0 472 2657
0 473 1933
0 474 8174
0 475 3822
0 476 4895
0 477 7609
0 478 6648
0 479 5093
0 480 6680
0 481 771
0 482 4078
0 483 4507
0 484 1226
0 485 6288
0 486 6481
0 487 3667
0 488 6379
0 489 5717
0 490 6339
0 491 4527
0 492 7368
0 493 8081
0 494 8312
0 495 4301
0 496 3121
0 497 1253
0 498 2204
0 499 321
0 500 3292
0 501 7971
0 502 1404
0 503 7848
0 504 7098
0 505 6599
0 506 7430
0 507 5047
0 508 6659
0 509 8180
0 510 2880
0 511 6734
0 512 305
0 513 7004
0 514 3833
0 515 2257
0 516 1260
0 517 3182
0 518 6201
0 519 1237
0 520 2847
0 521 1977
0 522 8036
0 523 3202
0 524 7346
0 525 214
0 526 2807
0 527 5325
0 528 161
0 529 2807
0 530 1286
0 531 5014
0 532 7083
0 533 6965
0 534 5247
0 535 2831
0 536 4345
0 537 3704
0 538 3631
0 539 6598
0 540 6086
0 541 4076
0 542 3195
0 543 3590
0 544 3660
0 545 8173
0 546 4429
0 547 3945
0 548 1810
0 549 2741
0 550 3052
0 551 307
0 552 7706
0 553 6514
0 554 4451
0 555 1197
0 556 7352
0 557 3957
0 558 578
0 559 117
0 560 6949
0 561 7480
0 562 6944
0 563 7574
0 564 1848
0 565 8117
0 566 7235
0 567 4650
0 568 5573
0 569 4365
0 570 5303
0 571 2268
0 572 1809
0 573 1141
0 574 7594
0 575 2008
0 576 3141
0 577 6437
0 578 6665
0 579 2345
0 580 891
0 581 4105
0 582 4128
0 583 5557
0 584 7605
0 585 4793
0 586 8026
0 587 7804
0 588 2712
0 589 5853
0 590 6235
0 591 6465
0 592 7401
0 593 7240
0 594 1850
0 595 2647
0 596 2498
0 597 2911
0 598 3606
0 599 4621
0 600 4755
0 601 244
0 602 5381
0 603 3680
0 604 6513
0 605 3067
0 606 949
0 607 290
0 608 708
0 609 421
0 610 6929
0 611 2396
0 612 4126
0 613 5183
0 614 7972
0 615 1521
0 616 4762
0 617 3094
0 618 8114
0 619 6963
0 620 2019
0 621 8058
0 622 1756
0 623 7927
0 624 6522
0 625 6452
0 626 855
0 627 7303
0 628 6286
0 629 2263
0 630 7312
0 631 7601
0 632 5772
0 633 2897
0 634 7399
0 635 5527
0 636 4956
0 637 6795
0 638 2614
0 639 6600
0 640 727
0 641 2063
0 642 1946
0 643 532
0 644 3157
0 645 8312
0 646 7339
0 647 4038
0 648 4721
0 649 3246
0 650 3744
0 651 2281
0 652 2648
0 653 6896
0 654 840
0 655 8185
0 656 1458
0 657 281
0 658 6901
0 659 3001
0 660 5825
0 661 851
0 662 4997
0 663 4886
0 664 5566
0 665 7185
0 666 4041
0 667 5322
0 668 2526
0 669 2370
0 670 7471
0 671 2373
0 672 627
0 673 3846
0 674 3779
0 675 3509
0 676 4733
0 677 5256
0 678 3283
0 679 381
0 680 4243
0 681 7224
0 682 1778
0 683 2944
0 684 236
0 685 6802
0 686 3899
0 687 7618
0 688 4002
0 689 4711
0 690 3660
0 691 7710
0 692 416
0 693 3449
0 694 4620
0 695 4070
0 696 2562
0 697 3515
0 698 1345
0 699 7080
0 700 2876
0 701 5855
0 702 2774
0 703 353
0 704 6821
0 705 4981
0 706 4157
0 707 1157
0 708 4384
0 709 632
0 710 7911
0 711 7288
0 712 1579
0 713 2290
0 714 2834
0 715 291
0 716 7370
0 717 6377
0 718 2795
0 719 4225
0 720 5847
0 721 6925
0 722 2245
0 723 4708
0 724 1564
0 725 6094
0 726 3753
0 727 106
0 728 2333
0 729 3110
0 730 3846
0 731 3551
0 732 5020
0 733 231
0 734 2757
0 735 636
0 736 1023
0 737 6810
0 738 1725
0 739 3889
0 740 1568
0 741 3484
0 742 7019
0 743 6347
0 744 4881
0 745 201
0 746 1279
0 747 4408
0 748 7651
0 749 2072
0 750 1364
0 751 1125
0 752 6751
0 753 8339
0 754 16
0 755 7199
0 756 3116
0 757 7415
0 758 3522
0 759 567
0 760 5352
0 761 6156
0 762 488
0 763 1487
0 764 7155
0 765 3838
0 766 5604
0 767 19
0 768 114
0 769 1482
0 770 4807
0 771 595
0 772 2282
0 773 4785
0 774 4961
0 775 7692
0 776 4183
0 777 6420
0 778 7739
0 779 7531
0 780 7292
0 781 4108
0 782 8061
0 783 5633
0 784 7034
0 785 256
0 786 1252
0 787 279
0 788 862
0 789 5727
0 790 4927
0 791 2225
0 792 5156
0 793 3650
0 794 153
0 795 2038
0 796 1001
0 797 2856
0 798 1871
0 799 1337
0 800 4700
0 801 2878
0 802 7054
0 803 5345
0 804 531
0 805 7434
0 806 1223
0 807 2230
0 808 3106
0 809 3133
0 810 405
0 811 7479
0 812 364
0 813 3711
0 814 3966
0 815 6764
0 816 7585
0 817 1373
0 818 3063
0 819 6471
0 820 7539
0 821 1936
0 822 420
0 823 7888
0 824 1506
0 825 4637
0 826 2716
0 827 5351
0 828 4570
0 829 140
0 830 673
0 831 3206
0 832 1865
0 833 4504
0 834 1532
0 835 1343
0 836 1601
0 837 4681
0 838 8329
0 839 3754
0 840 3074
0 841 5584
0 842 1755
0 843 5810
0 844 2630
0 845 4959
0 846 962
0 847 7071
0 848 3270
0 849 4351
0 850 4734
0 851 4268
0 852 4142
0 853 3218
0 854 2851
0 855 222
0 856 6831
0 857 2391
0 858 8383
0 859 311
0 860 2285
0 861 71
0 862 1654
0 863 2776
0 864 842
0 865 4756
0 866 2165
0 867 4481
0 868 5222
0 869 1705
0 870 2087
0 871 5911
0 872 6994
0 873 4820
0 874 8412
0 875 1239
0 876 868
0 877 7019
0 878 6061
0 879 3965
0 880 5446
0 881 6738
0 882 5881
0 883 3929
0 884 5456
0 885 6176
0 886 7180
0 887 7279
0 888 435
0 889 8237
0 890 3614
0 891 4808
0 892 6705
0 893 279
0 894 1433
0 895 481
0 896 106
0 897 7841
0 898 2687
0 899 8202
0 900 967
0 901 1535
0 902 7791
0 903 6544
0 904 3335
0 905 3358
0 906 3250
0 907 8326
0 908 8145
0 909 322
0 910 8388
0 911 1819
0 912 3526
0 913 2554
0 914 7378
0 915 1685
0 916 3866
0 917 4339
0 918 2579
0 919 6039
0 920 3375
0 921 8383
0 922 7047
0 923 1122
0 924 4302
0 925 5585
0 926 1245
0 927 3711
0 928 2517
0 929 6930
0 930 1766
0 931 4947
0 932 6538
0 933 2285
0 934 1917
0 935 1120
0 936 6394
0 937 2945
0 938 1325
0 939 1417
0 940 2106
0 941 4076
0 942 622
0 943 2623
0 944 2492
0 945 49
0 946 3847
0 947 273
0 948 281
0 949 2250
0 950 2440
0 951 2950
0 952 5425
0 953 1430
0 954 7650
0 955 1459
0 956 1258
0 957 1812
0 958 5876
0 959 6295
0 960 6756
0 961 6668
0 962 5906
0 963 6823
0 964 5132
0 965 1761
0 966 3846
0 967 7066
0 968 4848
0 969 6536
0 970 3023
0 971 4391
0 972 6288
0 973 2570
0 974 7162
0 975 2305
0 976 390
0 977 2099
0 978 5252
0 979 7086
0 980 3218
0 981 3217
0 982 6866
0 983 1154
0 984 5347
0 985 6790
0 986 2223
0 987 5840
0 988 2020
0 989 2640
0 990 4986
0 991 2438
0 992 4567
0 993 3424
0 994 6021
0 995 1508
0 996 575
0 997 1277
0 998 982
0 999 5739
0 1000 7541
0 1001 1311
0 1002 3403
0 1003 3676
0 1004 2224
0 1005 7027
0 1006 5429
0 1007 5592
0 1008 5168
0 1009 3310
0 1010 302
0 1011 3249
0 1012 7213
0 1013 8400
0 1014 7409
0 1015 495
0 1016 1542
0 1017 998
0 1018 4748
0 1019 3945
0 1020 7316
0 1021 3674
0 1022 4030
0 1023 3712
0 1024 3264
0 1025 4120
0 1026 2701
0 1027 2926
0 1028 3381
0 1029 7495
0 1030 4952
0 1031 7044
0 1032 5196
0 1033 2766
0 1034 4437
0 1035 8124
0 1036 6157
0 1037 4013
0 1038 7329
0 1039 2730
0 1040 1914
0 1041 1335
0 1042 547
0 1043 4557
0 1044 1243
0 1045 5623
0 1046 4841
0 1047 5933
0 1048 5083
0 1049 6663
0 1050 6112
0 1051 7874
0 1052 6795
0 1053 4947
0 1054 2676
0 1055 6139
0 1056 4138
0 1057 6484
0 1058 5293
0 1059 6234
0 1060 1658
0 1061 6245
0 1062 5671
0 1063 2579
0 1064 283
0 1065 6942
0 1066 932
0 1067 6900
0 1068 748
0 1069 449
0 1070 7795
0 1071 6845
0 1072 8129
0 1073 8061
0 1074 5626
0 1075 3296
0 1076 5318
0 1077 4902
0 1078 724
0 1079 3205
0 1080 495
0 1081 757
0 1082 6879
0 1083 7284
0 1084 3234
0 1085 3421
0 1086 1385
0 1087 7184
0 1088 1547
0 1089 3793
0 1090 7551
0 1091 6510
0 1092 464
0 1093 8309
0 1094 2268
0 1095 5906
0 1096 2420
0 1097 6346
0 1098 5793
0 1099 1333
0 1100 5209
0 1101 7683
0 1102 3475
0 1103 4338
0 1104 687
0 1105 7495
0 1106 4333
0 1107 1154
0 1108 1124
0 1109 6603
0 1110 6760
0 1111 10
0 1112 6561
0 1113 667
0 1114 7947
0 1115 170
0 1116 6094
0 1117 1409
0 1118 1415
0 1119 4689
0 1120 5415
0 1121 2634
0 1122 5406
0 1123 7310
0 1124 6802
0 1125 1791
0 1126 1248
0 1127 1099
0 1128 7700
0 1129 7718
0 1130 1328
0 1131 6753
0 1132 5167
0 1133 2148
0 1134 7734
0 1135 1732
0 1136 975
0 1137 4459
0 1138 6317
0 1139 8158
0 1140 3214
0 1141 5258
0 1142 2674
0 1143 8250
0 1144 3273
0 1145 2486
0 1146 3046
0 1147 4194
0 1148 2436
0 1149 6571
0 1150 4815
0 1151 7278
0 1152 4644
0 1153 7903
0 1154 3545
0 1155 5529
0 1156 2511
0 1157 6335
0 1158 3331
0 1159 4457
0 1160 3444
0 1161 5845
0 1162 1111
0 1163 4720
0 1164 4119
0 1165 6811
0 1166 3806
0 1167 3171
0 1168 4759
0 1169 3003
0 1170 3798
0 1171 5310
0 1172 2825
0 1173 2587
0 1174 1753
0 1175 4673
0 1176 3957
0 1177 7195
0 1178 4004
0 1179 2324
0 1180 3770
0 1181 7576
0 1182 6007
0 1183 5268
0 1184 4623
0 1185 3201
0 1186 6067
0 1187 7463
0 1188 5065
0 1189 3902
0 1190 2526
0 1191 2793
0 1192 2797
0 1193 402
0 1194 5882
0 1195 3040
0 1196 6584
0 1197 7884
0 1198 62
0 1199 1072
0 1200 1789
0 1201 1806
0 1202 6174
0 1203 1694
0 1204 1554
0 1205 3824
0 1206 1237
0 1207 3918
0 1208 4741
0 1209 5662
0 1210 7059
0 1211 4697
0 1212 6705
0 1213 4099
0 1214 2047
0 1215 2520
0 1216 2884
0 1217 3203
0 1218 4241
0 1219 3401
0 1220 6771
0 1221 7991
0 1222 218
0 1223 3963
0 1224 5390
0 1225 5297
0 1226 8297
0 1227 95
0 1228 2183
0 1229 4428
0 1230 3828
0 1231 1394
0 1232 6720
0 1233 4435
0 1234 8174
0 1235 7235
0 1236 1108
0 1237 5466
0 1238 997
0 1239 1397
0 1240 6912
0 1241 1147
0 1242 361
0 1243 5443
0 1244 1373
0 1245 3930
0 1246 6709
0 1247 6175
0 1248 5946
0 1249 3129
0 1250 5597
0 1251 2379
0 1252 1885
0 1253 3761
0 1254 1349
0 1255 5939
0 1256 2071
0 1257 6561
0 1258 423
0 1259 8268
0 1260 4065
0 1261 2696
0 1262 2559
0 1263 6796
0 1264 2929
0 1265 5265
0 1266 6698
0 1267 69
0 1268 3293
0 1269 5682
0 1270 779
0 1271 3304
0 1272 7727
0 1273 3641
0 1274 6082
0 1275 1512
0 1276 3277
0 1277 1522
0 1278 873
0 1279 6904
0 1280 6807
0 1281 2170
0 1282 2072
0 1283 4005
0 1284 1609
0 1285 6988
0 1286 1390
0 1287 4311
0 1288 178
0 1289 3535
0 1290 1767
0 1291 1574
0 1292 5739
0 1293 2186
0 1294 5167
0 1295 710
0 1296 7120
0 1297 1719
0 1298 5565
0 1299 6942
0 1300 4359
0 1301 3247
0 1302 203
0 1303 1206
0 1304 1179
0 1305 1837
0 1306 8299
0 1307 4776
0 1308 3677
0 1309 6021
0 1310 822
0 1311 6166
0 1312 6530
0 1313 5325
0 1314 3701
0 1315 4128
0 1316 3164
0 1317 3271
0 1318 5949
0 1319 5450
0 1320 1952
0 1321 7033
0 1322 325
0 1323 3557
0 1324 5558
0 1325 3928
0 1326 8197
0 1327 4455
0 1328 3795
0 1329 6373
0 1330 3265
0 1331 2145
0 1332 8164
0 1333 7029
0 1334 3363
0 1335 3117
0 1336 6177
0 1337 6163
0 1338 6424
0 1339 5580
0 1340 4198
0 1341 5738
0 1342 6786
0 1343 3034
0 1344 5824
0 1345 6560
0 1346 4012
0 1347 3256
0 1348 2037
0 1349 1320
0 1350 6424
0 1351 5845
0 1352 1775
0 1353 3672
0 1354 7850
0 1355 6893
0 1356 6581
0 1357 2198
0 1358 565
0 1359 4203
0 1360 5127
0 1361 2085
0 1362 7045
0 1363 4901
0 1364 5501
0 1365 7820
0 1366 3965
0 1367 581
0 1368 7581
0 1369 90
0 1370 1126
0 1371 771
0 1372 6571
0 1373 3674
0 1374 2948
0 1375 3541
0 1376 1218
0 1377 5651
0 1378 6206
0 1379 7477
0 1380 5000
0 1381 196
0 1382 670
0 1383 523
0 1384 2094
0 1385 7462
0 1386 6422
0 1387 2336
0 1388 2628
0 1389 6882
0 1390 3830
0 1391 7166
0 1392 6088
0 1393 3710
0 1394 7639
0 1395 8164
0 1396 2276
0 1397 2683
0 1398 6771
0 1399 7109
0 1400 1079
0 1401 5665
0 1402 3670
0 1403 1197
0 1404 4207
0 1405 6342
0 1406 471
0 1407 6740
0 1408 3891
0 1409 4505
0 1410 7237
0 1411 4112
0 1412 3004
0 1413 1544
0 1414 6017
0 1415 1871
0 1416 7762
0 1417 4540
0 1418 2801
0 1419 3983
0 1420 4466
0 1421 7034
0 1422 72
0 1423 6995
0 1424 2213
0 1425 4805
0 1426 6381
0 1427 206
0 1428 6337
0 1429 8113
0 1430 7075
0 1431 5803
0 1432 1608
0 1433 7716
0 1434 7888
0 1435 3682
0 1436 3645
0 1437 2176
0 1438 2887
0 1439 4559
0 1440 3999
0 1441 6095
0 1442 4393
0 1443 148
0 1444 5789
0 1445 4862
0 1446 7824
0 1447 7656
0 1448 7350
0 1449 4611
0 1450 5001
0 1451 3488
0 1452 1382
0 1453 5478
0 1454 6777
0 1455 7060
0 1456 8287
0 1457 5658
0 1458 4936
0 1459 145
0 1460 2210
0 1461 5687
0 1462 4646
0 1463 3568
0 1464 5064
0 1465 3464
0 1466 3208
0 1467 5888
0 1468 7847
0 1469 8390
0 1470 5184
0 1471 7210
0 1472 5425
0 1473 6184
0 1474 3718
0 1475 2489
0 1476 4517
0 1477 5653
0 1478 665
0 1479 1157
0 1480 257
0 1481 2671
0 1482 4526
0 1483 8343
0 1484 6191
0 1485 1044
0 1486 6693
0 1487 3749
0 1488 5969
0 1489 1186
0 1490 6223
0 1491 7413
0 1492 710
0 1493 7595
0 1494 6626
0 1495 4010
0 1496 3164
0 1497 7120
0 1498 975
0 1499 7376
0 1500 6714
0 1501 8195
0 1502 5901
0 1503 17
0 1504 1293
0 1505 1600
0 1506 4089
0 1507 3095
0 1508 1631
0 1509 7531
0 1510 4255
0 1511 4461
0 1512 1449
0 1513 2283
0 1514 3476
0 1515 4516
0 1516 1806
0 1517 676
0 1518 2970
0 1519 7911
0 1520 3670
0 1521 2375
0 1522 6916
0 1523 2675
0 1524 2495
0 1525 4275
0 1526 3190
0 1527 6509
0 1528 3195
0 1529 1338
0 1530 1544
0 1531 5788
0 1532 515
0 1533 3318
0 1534 1611
0 1535 4351
0 1536 6878
0 1537 7230
0 1538 7474
0 1539 1346
0 1540 1524
0 1541 7359
0 1542 7252
0 1543 3587
0 1544 2109
0 1545 2559
0 1546 4286
0 1547 401
0 1548 3091
0 1549 4564
0 1550 5211
0 1551 3670
0 1552 1021
0 1553 6422
0 1554 3100
0 1555 4026
0 1556 4506
0 1557 1775
0 1558 4911
0 1559 564
0 1560 6424
0 1561 769
0 1562 1927
0 1563 4342
0 1564 3705
0 1565 2674
0 1566 866
0 1567 5516
0 1568 7090
0 1569 4415
0 1570 5916
0 1571 1282
0 1572 7767
0 1573 766
0 1574 5694
0 1575 6517
0 1576 5167
0 1577 0
0 1578 3140
0 1579 1547
0 1580 2507
0 1581 3242
0 1582 1308
0 1583 3692
0 1584 59
0 1585 404
0 1586 537
0 1587 8034
0 1588 3787
0 1589 2149
0 1590 4469
0 1591 3299
0 1592 5342
0 1593 7188
0 1594 4067
0 1595 2497
0 1596 2677
0 1597 4605
0 1598 4587
0 1599 3274
0 1600 4246
0 1601 2817
0 1602 2054
0 1603 5020
0 1604 615
0 1605 5576
0 1606 7591
0 1607 1087
0 1608 4777
0 1609 2577
0 1610 4061
0 1611 1319
0 1612 2882
0 1613 1940
0 1614 5212
0 1615 2340
0 1616 4304
0 1617 2479
0 1618 6242
0 1619 3683
0 1620 4987
0 1621 3463
0 1622 6524
0 1623 6950
0 1624 5104
0 1625 4755
0 1626 7482
0 1627 5290
0 1628 5512
0 1629 1622
0 1630 4228
0 1631 1590
0 1632 1229
0 1633 1061
0 1634 7280
0 1635 655
0 1636 3452
0 1637 1014
0 1638 3987
0 1639 6439
0 1640 2234
0 1641 646
0 1642 4824
0 1643 504
0 1644 4389
0 1645 53
0 1646 5485
0 1647 5678
0 1648 7577
0 1649 164
0 1650 4141
0 1651 7122
0 1652 7199
0 1653 2549
0 1654 5345
0 1655 7032
0 1656 6831
0 1657 6866
0 1658 7282
0 1659 5577
0 1660 651
0 1661 1846
0 1662 2299
0 1663 2965
0 1664 1484
0 1665 3583
0 1666 2396
0 1667 545
0 1668 7000
0 1669 8101
0 1670 2641
0 1671 3804
0 1672 4003
0 1673 6298
0 1674 3535
0 1675 2708
0 1676 4402
0 1677 4168
0 1678 822
0 1679 2383
0 1680 7025
0 1681 4552
0 1682 2837
0 1683 7315
0 1684 2116
0 1685 667
0 1686 7177
0 1687 5103
0 1688 1803
0 1689 5622
0 1690 5493
0 1691 2710
0 1692 63
0 1693 1905
0 1694 3024
0 1695 4761
0 1696 3360
0 1697 1946
0 1698 7884
0 1699 3944
0 1700 3006
0 1701 837
0 1702 6444
0 1703 4801
0 1704 6845
0 1705 1904
0 1706 1398
0 1707 273
0 1708 6060
0 1709 34
0 1710 55
0 1711 339
0 1712 7859
0 1713 8198
0 1714 4687
0 1715 6304
0 1716 5883
0 1717 3511
0 1718 378
0 1719 5997
0 1720 1609
0 1721 772
0 1722 8155
0 1723 705
0 1724 7401
0 1725 2857
0 1726 2079
0 1727 1954
0 1728 3929
0 1729 3783
0 1730 7054
0 1731 8184
0 1732 1084
0 1733 8184
0 1734 400
0 1735 2742
0 1736 589
0 1737 2752
0 1738 4690
0 1739 7964
0 1740 6946
0 1741 4017
0 1742 2548
0 1743 5964
0 1744 1772
0 1745 4868
0 1746 4877
0 1747 5132
0 1748 4739
0 1749 5278
0 1750 2123
0 1751 6507
0 1752 7080
0 1753 3539
0 1754 2038
0 1755 7313
0 1756 5755
0 1757 1769
0 1758 5276
0 1759 3985
0 1760 2666
0 1761 3854
0 1762 6052
0 1763 5914
0 1764 4369
0 1765 7341
0 1766 5832
0 1767 3561
0 1768 889
0 1769 1915
0 1770 1196
0 1771 4939
0 1772 5665
0 1773 5985
0 1774 2798
0 1775 5533
0 1776 2605
0 1777 6240
0 1778 5512
0 1779 7661
0 1780 1873
0 1781 7357
0 1782 3276
0 1783 4864
0 1784 5
0 1785 6608
0 1786 2273
0 1787 4943
0 1788 1744
0 1789 3816
0 1790 1457
0 1791 148
0 1792 7114
0 1793 8391
0 1794 5700
0 1795 6547
0 1796 5840
0 1797 5202
0 1798 908
0 1799 8050
0 1800 7121
0 1801 6696
0 1802 8126
0 1803 7780
0 1804 1848
0 1805 5899
0 1806 3595
0 1807 7284
0 1808 5019
0 1809 1777
0 1810 5208
0 1811 6488
0 1812 8079
0 1813 6223
0 1814 4837
0 1815 8102
0 1816 6689
0 1817 7555
0 1818 896
0 1819 4086
0 1820 2093
0 1821 7423
0 1822 7364
0 1823 7363
0 1824 2872
0 1825 7851
0 1826 569
0 1827 3631
0 1828 3178
0 1829 4667
0 1830 118
0 1831 1454
0 1832 6062
0 1833 4023
0 1834 5511
0 1835 4964
0 1836 3651
0 1837 2486
0 1838 104
0 1839 229
0 1840 557
0 1841 3594
0 1842 1076
0 1843 8215
0 1844 4246
0 1845 2782
0 1846 178
0 1847 345
0 1848 4387
0 1849 424
0 1850 4364
0 1851 3969
0 1852 1385
0 1853 3198
0 1854 5925
0 1855 1738
0 1856 7033
0 1857 3242
0 1858 7151
0 1859 7476
0 1860 1672
0 1861 6488
0 1862 2822
0 1863 3228
0 1864 7558
0 1865 5319
0 1866 6485
0 1867 6471
0 1868 5249
0 1869 1664
0 1870 5127
0 1871 1925
0 1872 932
0 1873 2511
0 1874 7402
0 1875 674
0 1876 3217
0 1877 6050
0 1878 1229
0 1879 6369
0 1880 3688
0 1881 2834
0 1882 7224
0 1883 1900
0 1884 891
0 1885 267
0 1886 7049
0 1887 4770
0 1888 8164
0 1889 1380
0 1890 5682
0 1891 7786
0 1892 6714
0 1893 840
0 1894 7334
0 1895 7939
0 1896 6094
0 1897 7290
0 1898 7672
0 1899 5354
0 1900 2
0 1901 1680
0 1902 1333
0 1903 3203
0 1904 1576
0 1905 5421
0 1906 1299
0 1907 706
0 1908 5693
0 1909 2368
0 1910 3870
0 1911 4614
0 1912 8242
0 1913 844
0 1914 2514
0 1915 7345
0 1916 3824
0 1917 7442
0 1918 5512
0 1919 7550
0 1920 1060
0 1921 7393
0 1922 1078
0 1923 6426
0 1924 1293
0 1925 5755
0 1926 7100
0 1927 5008
0 1928 6063
0 1929 4955
0 1930 7870
0 1931 3151
0 1932 7561
0 1933 2307
0 1934 2190
0 1935 13
0 1936 6906
0 1937 6341
0 1938 7066
0 1939 5465
0 1940 1299
0 1941 1189
0 1942 3856
0 1943 5748
0 1944 7258
0 1945 5928
0 1946 2294
0 1947 3504
0 1948 6001
0 1949 3355
0 1950 3470
0 1951 1546
0 1952 7264
0 1953 5110
0 1954 6091
0 1955 5182
0 1956 2191
0 1957 4346
0 1958 2023
0 1959 6746
0 1960 5838
0 1961 6639
0 1962 7131
0 1963 3154
0 1964 8330
0 1965 4989
0 1966 378
0 1967 927
0 1968 5981
0 1969 4179
0 1970 2482
0 1971 1761
0 1972 286
0 1973 474
0 1974 1413
0 1975 6877
0 1976 7354
0 1977 8265
0 1978 1190
0 1979 745
0 1980 3342
0 1981 6600
0 1982 5709
0 1983 6772
0 1984 1113
0 1985 96
0 1986 1959
0 1987 234
0 1988 2869
0 1989 1918
0 1990 4899
0 1991 6234
0 1992 2518
0 1993 1216
0 1994 5841
0 1995 3056
0 1996 8082
0 1997 1517
0 1998 4371
0 1999 3713
0 2000 5266
0 2001 3654
0 2002 5930
0 2003 3569
0 2004 2749
0 2005 4451
0 2006 1386
0 2007 2721
0 2008 5452
0 2009 2922
0 2010 6268
0 2011 929
0 2012 3052
0 2013 6511
0 2014 969
0 2015 6252
0 2016 5279
0 2017 4643
0 2018 6702
0 2019 847
0 2020 4393
0 2021 7288
0 2022 375
0 2023 7335
0 2024 4027
0 2025 211
0 2026 5640
0 2027 6129
0 2028 5194
0 2029 4954
0 2030 7517
0 2031 3757
0 2032 5210
0 2033 5951
0 2034 6122
0 2035 439
0 2036 5063
0 2037 3098
0 2038 4672
0 2039 2466
0 2040 2713
0 2041 6701
0 2042 5321
0 2043 2155
0 2044 3099
0 2045 7112
0 2046 4047
0 2047 6813
0 2048 2727
0 2049 409
0 2050 2226
0 2051 6860
0 2052 3190
0 2053 3692
0 2054 3758
0 2055 6790
0 2056 2928
0 2057 1356
0 2058 1001
0 2059 3461
0 2060 6568
0 2061 1866
0 2062 3955
0 2063 8146
0 2064 5904
0 2065 2142
0 2066 8025
0 2067 2501
0 2068 949
0 2069 2923
0 2070 4537
0 2071 2650
0 2072 7450
0 2073 1944
0 2074 7921
0 2075 6264
0 2076 4316
0 2077 7519
0 2078 6188
0 2079 800
0 2080 5014
0 2081 2886
0 2082 6300
0 2083 5931
0 2084 2375
0 2085 1306
0 2086 2200
0 2087 2779
0 2088 8273
0 2089 692
0 2090 3572
0 2091 1061
0 2092 5125
0 2093 5756
0 2094 7303
0 2095 5663
0 2096 503
0 2097 2274
0 2098 97
0 2099 6784
0 2100 4755
0 2101 5520
0 2102 2547
0 2103 5854
0 2104 5108
0 2105 6812
0 2106 4369
0 2107 4752
0 2108 6719
0 2109 5613
0 2110 7856
0 2111 5281
0 2112 3735
0 2113 4428
0 2114 7016
0 2115 6298
0 2116 424
0 2117 2490
0 2118 4175
0 2119 7944
0 2120 5334
0 2121 988
0 2122 1912
0 2123 1179
0 2124 2313
0 2125 5467
0 2126 4866
0 2127 7054
0 2128 489
0 2129 615
0 2130 6657
0 2131 1812
0 2132 5666
0 2133 1913
0 2134 1058
0 2135 2013
0 2136 6968
0 2137 5005
0 2138 3987
0 2139 2197
0 2140 4765
0 2141 3707
0 2142 964
0 2143 6916
0 2144 3153
0 2145 3203
0 2146 5048
0 2147 6779
0 2148 1578
0 2149 2850
0 2150 7766
0 2151 8199
0 2152 7048
0 2153 6224
0 2154 2678
0 2155 3219
0 2156 8107
0 2157 8357
0 2158 2510
0 2159 2919
0 2160 1063
0 2161 150
0 2162 2749
0 2163 3274
0 2164 1395
0 2165 4397
0 2166 5064
0 2167 3949
0 2168 524
0 2169 1035
0 2170 2344
0 2171 1254
0 2172 1439
0 2173 1960
0 2174 5326
0 2175 1165
0 2176 7173
0 2177 5027
0 2178 6920
0 2179 2426
0 2180 6361
0 2181 7026
0 2182 5268
0 2183 2079
0 2184 736
0 2185 4605
0 2186 2596
0 2187 3746
0 2188 2577
0 2189 5548
0 2190 7812
0 2191 3982
0 2192 5494
0 2193 5846
0 2194 5858
0 2195 594
0 2196 939
0 2197 4433
0 2198 3506
0 2199 4334
0 2200 7524
0 2201 4308
0 2202 86
0 2203 8320
0 2204 8251
0 2205 3122
0 2206 6942
0 2207 8354
0 2208 4342
0 2209 1920
0 2210 1730
0 2211 455
0 2212 6980
0 2213 4481
0 2214 7537
0 2215 743
0 2216 7965
0 2217 5148
0 2218 2410
0 2219 2143
0 2220 5246
0 2221 6677
0 2222 3878
0 2223 4500
0 2224 5369
0 2225 7041
0 2226 1037
0 2227 4696
0 2228 4979
0 2229 2510
0 2230 2043
0 2231 1883
0 2232 670
0 2233 5691
0 2234 3714
0 2235 2604
0 2236 5886
0 2237 289
0 2238 2868
0 2239 494
0 2240 1534
0 2241 6720
0 2242 2332
0 2243 7082
0 2244 4167
0 2245 292
0 2246 34
0 2247 5465
0 2248 2180
0 2249 3077
0 2250 2274
0 2251 6136
0 2252 5735
0 2253 5143
0 2254 6456
0 2255 1092
0 2256 6005
0 2257 720
0 2258 7358
0 2259 6821
0 2260 5877
0 2261 7370
0 2262 7131
0 2263 7012
0 2264 2835
0 2265 942
0 2266 1376
0 2267 1660
0 2268 1320
0 2269 1250
0 2270 5958
0 2271 2490
0 2272 5266
0 2273 8065
0 2274 1252
0 2275 6993
0 2276 8099
0 2277 4884
0 2278 2703
0 2279 4875
0 2280 415
0 2281 1267
0 2282 4520
0 2283 2841
0 2284 3109
0 2285 3519
0 2286 3000
0 2287 5758
0 2288 6699
0 2289 5603
0 2290 5800
0 2291 3789
0 2292 7280
0 2293 4018
0 2294 3511
0 2295 4329
0 2296 6533
0 2297 6634
0 2298 6823
0 2299 1518
0 2300 715
0 2301 458
0 2302 6434
0 2303 3176
0 2304 7616
0 2305 5143
0 2306 7271
0 2307 7302
0 2308 5633
0 2309 7847
0 2310 3514
0 2311 2985
0 2312 1586
0 2313 8401
0 2314 2469
0 2315 8384
0 2316 4961
0 2317 4984
0 2318 3345
0 2319 1010
0 2320 732
0 2321 1351
0 2322 7683
0 2323 4581
0 2324 4518
0 2325 6233
0 2326 145
0 2327 6067
0 2328 3920
0 2329 4878
0 2330 3211
0 2331 7470
0 2332 4670
0 2333 7060
0 2334 2815
0 2335 4928
0 2336 1228
0 2337 2036
0 2338 5159
0 2339 3855
0 2340 1492
0 2341 4121
0 2342 8075
0 2343 6166
0 2344 7014
0 2345 1605
0 2346 959
0 2347 3277
0 2348 2143
0 2349 304
0 2350 3113
0 2351 666
0 2352 5374
0 2353 2379
0 2354 3076
0 2355 7837
0 2356 2368
0 2357 6959
0 2358 6789
0 2359 7996
0 2360 4560
0 2361 5183
0 2362 6799
0 2363 518
0 2364 4551
0 2365 23
0 2366 5593
0 2367 7739
0 2368 5491
0 2369 1131
0 2370 4365
0 2371 6503
0 2372 505
0 2373 4259
0 2374 6864
0 2375 3405
0 2376 3579
0 2377 1184
0 2378 4242
0 2379 6382
0 2380 6134
0 2381 599
0 2382 8065
0 2383 6819
0 2384 6610
0 2385 6550
0 2386 7645
0 2387 929
0 2388 6630
0 2389 4490
0 2390 2145
0 2391 7322
0 2392 3576
0 2393 359
0 2394 2329
0 2395 2776
0 2396 3928
0 2397 113
0 2398 5533
0 2399 6463
0 2400 5756
0 2401 2205
0 2402 1511
0 2403 3569
0 2404 1942
0 2405 3638
0 2406 7997
0 2407 3813
0 2408 3070
0 2409 2465
0 2410 1900
0 2411 33
0 2412 1412
0 2413 7336
0 2414 6072
0 2415 499
0 2416 1252
0 2417 4370
0 2418 4625
0 2419 238
0 2420 8203
0 2421 5231
0 2422 6899
0 2423 712
0 2424 5078
0 2425 2194
0 2426 1066
0 2427 8246
0 2428 4635
0 2429 4500
0 2430 6296
0 2431 2910
0 2432 6617
0 2433 581
0 2434 1052
0 2435 141
0 2436 3336
0 2437 6667
0 2438 2620
0 2439 6613
0 2440 78
0 2441 2764
0 2442 693
0 2443 5829
0 2444 586
0 2445 2064
0 2446 5400
0 2447 3380
0 2448 761
0 2449 7163
0 2450 2851
0 2451 3378
0 2452 5594
0 2453 7913
0 2454 1342
0 2455 4956
0 2456 5319
0 2457 3938
0 2458 5267
0 2459 6251
0 2460 2947
0 2461 3461
0 2462 2072
0 2463 4013
0 2464 5732
0 2465 3975
0 2466 6858
0 2467 2283
0 2468 5085
0 2469 3499
0 2470 2277
0 2471 6812
0 2472 938
0 2473 1527
0 2474 7715
0 2475 417
0 2476 7946
0 2477 2611
0 2478 5771
0 2479 149
0 2480 3077
0 2481 4035
0 2482 4908
0 2483 4201
0 2484 172
0 2485 3454
0 2486 7746
0 2487 3533
0 2488 2955
0 2489 5569
0 2490 3437
0 2491 1954
0 2492 4586
0 2493 4865
0 2494 5613
0 2495 4980
0 2496 1324
0 2497 4327
0 2498 3388
0 2499 56
0 2500 1110
0 2501 6482
0 2502 7205
0 2503 5453
0 2504 4129
0 2505 3091
0 2506 6968
0 2507 5376
0 2508 4459
0 2509 2148
0 2510 6777
0 2511 3117
0 2512 6703
0 2513 1082
0 2514 4373
0 2515 3058
0 2516 1834
0 2517 3127
0 2518 488
0 2519 5711
0 2520 3787
0 2521 2617
0 2522 7841
0 2523 3341
0 2524 6037
0 2525 6928
0 2526 7035
0 2527 5218
0 2528 7183
0 2529 3210
0 2530 3600
0 2531 3184
0 2532 1359
0 2533 2386
0 2534 6188
0 2535 277
0 2536 271
0 2537 2597
0 2538 1472
0 2539 92
0 2540 4886
0 2541 4856
0 2542 3146
0 2543 630
0 2544 2286
0 2545 7454
0 2546 6342
0 2547 4043
0 2548 5576
0 2549 5789
0 2550 4351
0 2551 5208
0 2552 98
0 2553 2081
0 2554 1073
0 2555 548
0 2556 7568
0 2557 5714
0 2558 2914
0 2559 3595
0 2560 152
0 2561 503
0 2562 1963
0 2563 2625
0 2564 879
0 2565 3998
0 2566 3811
0 2567 729
0 2568 6733
0 2569 6659
0 2570 2083
0 2571 1378
0 2572 665
0 2573 4343
0 2574 5401
0 2575 7736
0 2576 640
0 2577 5340
0 2578 7820
0 2579 902
0 2580 6497
0 2581 2485
0 2582 4639
0 2583 5607
0 2584 8159
0 2585 3608
0 2586 6328
0 2587 3378
0 2588 7710
0 2589 1718
0 2590 1799
0 2591 415
0 2592 4491
0 2593 977
0 2594 7363
0 2595 2418
0 2596 4165
0 2597 365
0 2598 4533
0 2599 8209
0 2600 7761
0 2601 3356
0 2602 2228
0 2603 6364
0 2604 181
0 2605 7070
0 2606 513
0 2607 5256
0 2608 1040
0 2609 6167
0 2610 5227
0 2611 7048
0 2612 721
0 2613 931
0 2614 1538
0 2615 1526
0 2616 6377
0 2617 8053
0 2618 7786
0 2619 3787
0 2620 358
0 2621 6446
0 2622 2772
0 2623 5705
0 2624 14
0 2625 7708
0 2626 4675
0 2627 2843
0 2628 7393
0 2629 8391
0 2630 7943
0 2631 1211
0 2632 5931
0 2633 1579
0 2634 1185
0 2635 912
0 2636 4422
0 2637 1419
0 2638 2436
0 2639 3476
0 2640 7006
0 2641 1904
0 2642 5579
0 2643 3043
0 2644 3162
0 2645 1953
0 2646 624
0 2647 1125
0 2648 5569
0 2649 496
0 2650 6805
0 2651 7733
0 2652 2935
0 2653 162
0 2654 46
0 2655 4745
0 2656 3684
0 2657 2480
0 2658 7131
0 2659 2254
0 2660 2099
0 2661 7301
0 2662 4162
0 2663 6379
0 2664 4378
0 2665 107
0 2666 2392
0 2667 7395
0 2668 397
0 2669 3633
0 2670 8151
0 2671 958
0 2672 5779
0 2673 6255
0 2674 2141
0 2675 5036
0 2676 3567
0 2677 542
0 2678 3671
0 2679 6501
0 2680 1194
0 2681 8418
0 2682 4157
0 2683 7149
0 2684 2962
0 2685 5074
0 2686 3635
0 2687 957
0 2688 4866
0 2689 4733
0 2690 2115
0 2691 3668
0 2692 2434
0 2693 1272
0 2694 2792
0 2695 6784
0 2696 225
0 2697 2606
0 2698 5795
0 2699 7833
0 2700 7066
0 2701 3451
0 2702 7932
0 2703 2304
0 2704 2927
0 2705 5966
0 2706 2600
0 2707 1991
0 2708 2055
0 2709 6383
0 2710 80
0 2711 4208
0 2712 6118
0 2713 2331
0 2714 4628
0 2715 1391
0 2716 3066
0 2717 965
0 2718 918
0 2719 122
0 2720 66
0 2721 1285
0 2722 2607
0 2723 6339
0 2724 1062
0 2725 5494
0 2726 5804
0 2727 5623
0 2728 6157
0 2729 8294
0 2730 1416
0 2731 2070
0 2732 5062
0 2733 4389
0 2734 2189
0 2735 6973
0 2736 1821
0 2737 7678
0 2738 1807
0 2739 4372
0 2740 6345
0 2741 8323
0 2742 5313
0 2743 7502
0 2744 1922
0 2745 4494
0 2746 3076
0 2747 2893
0 2748 2158
0 2749 6658
0 2750 3495
0 2751 5642
0 2752 4120
0 2753 3594
0 2754 339
0 2755 1016
0 2756 6678
0 2757 1157
0 2758 6621
0 2759 2790
0 2760 3581
0 2761 5352
0 2762 131
0 2763 3952
0 2764 7892
0 2765 5968
0 2766 548
0 2767 4543
0 2768 3496
0 2769 414
0 2770 1533
0 2771 4800
0 2772 3600
0 2773 2400
0 2774 97
0 2775 3834
0 2776 3521
0 2777 2700
0 2778 5875
0 2779 3486
0 2780 4914
0 2781 3293
0 2782 335
0 2783 1689
0 2784 6243
0 2785 758
0 2786 1457
0 2787 3777
0 2788 5573
0 2789 3890
0 2790 383
0 2791 4219
0 2792 1569
0 2793 6457
0 2794 1972
0 2795 1976
0 2796 5739
0 2797 4639
0 2798 3167
0 2799 7472
0 2800 5869
0 2801 595
0 2802 5722
0 2803 6217
0 2804 3588
0 2805 5007
0 2806 2404
0 2807 1697
0 2808 2966
0 2809 4641
0 2810 1049
0 2811 1500
0 2812 2029
0 2813 1711
0 2814 7384
0 2815 1904
0 2816 813
0 2817 7429
0 2818 6783
0 2819 6268
0 2820 988
0 2821 6502
0 2822 785
0 2823 5040
0 2824 6999
0 2825 228
0 2826 1640
0 2827 4305
0 2828 5736
0 2829 2200
0 2830 5337
0 2831 7154
0 2832 1761
0 2833 441
0 2834 4568
0 2835 3060
0 2836 2099
0 2837 3277
0 2838 3891
0 2839 5365
0 2840 376
0 2841 1310
0 2842 5903
0 2843 6506
0 2844 1148
0 2845 4013
0 2846 5857
0 2847 7283
0 2848 2517
0 2849 4723
0 2850 626
0 2851 4798
0 2852 5608
0 2853 2554
0 2854 4553
0 2855 3662
0 2856 5728
0 2857 8201
0 2858 3513
0 2859 6917
0 2860 1035
0 2861 4883
0 2862 2220
0 2863 7607
0 2864 480
0 2865 1809
0 2866 1764
0 2867 1011
0 2868 4371
0 2869 1796
0 2870 7272
0 2871 802
0 2872 6694
0 2873 3595
0 2874 3465
0 2875 3650
0 2876 5276
0 2877 5553
0 2878 4868
0 2879 3275
0 2880 7782
0 2881 2069
0 2882 3158
0 2883 7837
0 2884 376
0 2885 2137
0 2886 1705
0 2887 6376
0 2888 100
0 2889 7191
0 2890 2960
0 2891 4788
0 2892 815
0 2893 1762
0 2894 37
0 2895 2962
0 2896 6235
0 2897 5778
0 2898 5934
0 2899 4746
0 2900 6399
0 2901 4980
0 2902 7633
0 2903 3442
0 2904 8163
0 2905 1089
0 2906 3286
0 2907 4320
0 2908 5422
0 2909 450
0 2910 5904
0 2911 197
0 2912 1495
0 2913 7206
0 2914 1197
0 2915 5089
0 2916 6607
0 2917 1089
0 2918 818
0 2919 4989
0 2920 524
0 2921 3247
0 2922 6869
0 2923 5056
0 2924 7778
0 2925 424
0 2926 3043
0 2927 8394
0 2928 4196
0 2929 558
0 2930 8275
0 2931 4920
0 2932 465
0 2933 2850
0 2934 8357
0 2935 1987
0 2936 11
0 2937 375
0 2938 6829
0 2939 2981
0 2940 6639
0 2941 5938
0 2942 2821
0 2943 322
0 2944 5557
0 2945 7495
0 2946 6241
0 2947 259
0 2948 710
0 2949 3358
0 2950 1918
0 2951 6686
0 2952 4811
0 2953 8229
0 2954 5615
0 2955 3594
0 2956 386
0 2957 7225
0 2958 2200
0 2959 3010
0 2960 8125
0 2961 6352
0 2962 1238
0 2963 527
0 2964 2379
0 2965 3939
0 2966 6116
0 2967 5265
0 2968 4215
0 2969 1745
0 2970 1804
0 2971 6259
0 2972 4744
0 2973 652
0 2974 7117
0 2975 2618
0 2976 6904
0 2977 3610
0 2978 114
0 2979 794
0 2980 6049
0 2981 7981
0 2982 6748
0 2983 7854
0 2984 1992
0 2985 4279
0 2986 5833
0 2987 2777
0 2988 230
0 2989 183
0 2990 6112
0 2991 4724
0 2992 7997
0 2993 5224
0 2994 3792
0 2995 883
0 2996 3709
0 2997 5287
0 2998 7721
0 2999 1960
0 3000 1207
0 3001 5640
0 3002 8107
0 3003 1093
0 3004 3159
0 3005 2263
0 3006 6734
0 3007 914
0 3008 6057
0 3009 2035
0 3010 5244
0 3011 3797
0 3012 7661
0 3013 3419
0 3014 1000
0 3015 8156
0 3016 5090
0 3017 7376
0 3018 1325
0 3019 6879
0 3020 3745
0 3021 3856
0 3022 7329
0 3023 1962
0 3024 939
0 3025 1892
0 3026 1552
0 3027 6799
0 3028 6388
0 3029 2703
0 3030 3932
0 3031 4556
0 3032 6592
0 3033 5287
0 3034 6615
0 3035 6191
0 3036 667
0 3037 1945
0 3038 7256
0 3039 4419
0 3040 7924
0 3041 5723
0 3042 5043
0 3043 2606
0 3044 31
0 3045 6910
0 3046 4849
0 3047 5793
0 3048 6105
0 3049 1019
0 3050 314
0 3051 4168
0 3052 882
0 3053 6963
0 3054 6701
0 3055 6953
0 3056 3321
0 3057 5965
0 3058 7576
0 3059 5985
0 3060 5872
0 3061 3926
0 3062 2228
0 3063 5395
0 3064 3770
0 3065 3404
0 3066 3805
0 3067 967
0 3068 4578
0 3069 965
0 3070 6635
0 3071 2199
0 3072 5734
0 3073 5671
0 3074 102
0 3075 5483
0 3076 3012
0 3077 1693
0 3078 6493
0 3079 2248
0 3080 6022
0 3081 1625
0 3082 6614
0 3083 3496
0 3084 1306
0 3085 2652
0 3086 7709
0 3087 3361
0 3088 231
0 3089 7595
0 3090 1565
0 3091 6731
0 3092 4304
0 3093 6122
0 3094 4297
0 3095 95
0 3096 1051
0 3097 3920
0 3098 6491
0 3099 5026
0 3100 6384
0 3101 1196
0 3102 3621
0 3103 5280
0 3104 7363
0 3105 8029
0 3106 7267
0 3107 7588
0 3108 2875
0 3109 6363
0 3110 3350
0 3111 5963
0 3112 4551
0 3113 5232
0 3114 27
0 3115 611
0 3116 2679
0 3117 7183
0 3118 5286
0 3119 2472
0 3120 748
0 3121 1822
0 3122 6585
0 3123 1324
0 3124 108
0 3125 3386
0 3126 3283
0 3127 8081
0 3128 1645
0 3129 2487
0 3130 6814
0 3131 2362
0 3132 7018
0 3133 8022
0 3134 7097
0 3135 4545
0 3136 584
0 3137 5154
0 3138 4371
0 3139 1235
0 3140 7437
0 3141 5516
0 3142 2050
0 3143 5234
0 3144 5648
0 3145 5270
0 3146 40
0 3147 7102
0