3781 3780 1 143
0 1 789
0 2 1493
0 3 1865
0 4 3201
0 5 1205
0 6 2073
0 7 1994
0 8 2884
0 9 2550
0 10 38
0 11 70
0 12 2264
0 13 339
0 14 2937
0 15 8
0 16 1924
0 17 1194
0 18 1077
0 19 1607
0 20 2059
0 21 703
0 22 1508
0 23 1023
0 24 109
0 25 2203
0 26 2229
0 27 2911
0 28 2538
0 29 634
0 30 1876
0 31 1767
0 32 1720
0 33 1805
0 34 210
0 35 3453
0 36 2424
0 37 1215
0 38 1476
0 39 2851
0 40 3471
0 41 1595
0 42 2415
0 43 2479
0 44 1428
0 45 2142
0 46 948
0 47 633
0 48 1297
0 49 3306
0 50 2278
0 51 3631
0 52 1516
0 53 442
0 54 1705
0 55 811
0 56 1229
0 57 1375
0 58 311
0 59 970
0 60 3454
0 61 2095
0 62 1292
0 63 830
0 64 1607
0 65 3549
0 66 253
0 67 3136
0 68 2409
0 69 1211
0 70 2932
0 71 330
0 72 2066
0 73 143
0 74 499
0 75 3615
0 76 2764
0 77 2375
0 78 1432
0 79 3084
0 80 1500
0 81 2913
0 82 956
0 83 3009
0 84 3006
0 85 1706
0 86 918
0 87 1606
0 88 2639
0 89 1079
0 90 144
0 91 97
0 92 2352
0 93 2272
0 94 1374
0 95 3672
0 96 3080
0 97 3356
0 98 2686
0 99 2131
0 100 2649
0 101 3344
0 102 1883
0 103 3695
0 104 1756
0 105 3425
0 106 650
0 107 1407
0 108 1769
0 109 1316
0 110 1661
0 111 2307
0 112 678
0 113 2431
0 114 1838
0 115 2575
0 116 2439
0 117 1012
0 118 2662
0 119 1054
0 120 3212
0 121 1546
0 122 412
0 123 3618
0 124 2484
0 125 853
0 126 1166
0 127 2444
0 128 1331
0 129 2420
0 130 2036
0 131 3627
0 132 510
0 133 3540
0 134 1096
0 135 2753
0 136 981
0 137 368
0 138 173
0 139 2058
0 140 3155
0 141 1842
0 142 2452
0 143 1520
0 144 3671
0 145 3092
0 146 591
0 147 3353
0 148 1161
0 149 1257
0 150 135
0 151 1289
0 152 955
0 153 565
0 154 3339
0 155 446
0 156 1200
0 157 2647
0 158 1999
0 159 88
0 160 3285
0 161 2014
0 162 2674
0 163 1439
0 164 1314
0 165 326
0 166 1843
0 167 623
0 168 1096
0 169 2661
0 170 1173
0 171 2393
0 172 3205
0 173 1871
0 174 3127
0 175 870
0 176 3109
0 177 3691
0 178 210
0 179 3290
0 180 2168
0 181 377
0 182 1420
0 183 2635
0 184 3092
0 185 3562
0 186 3353
0 187 2886
0 188 21
0 189 3718
0 190 2445
0 191 255
0 192 3662
0 193 3491
0 194 1175
0 195 1434
0 196 1956
0 197 2387
0 198 116
0 199 2394
0 200 2589
0 201 1910
0 202 3003
0 203 1211
0 204 3638
0 205 658
0 206 250
0 207 1211
0 208 3360
0 209 575
0 210 3452
0 211 1047
0 212 2555
0 213 1428
0 214 3024
0 215 2342
0 216 2113
0 217 3441
0 218 948
0 219 1266
0 220 2123
0 221 1470
0 222 2102
0 223 1003
0 224 93
0 225 719
0 226 1439
0 227 1364
0 228 2245
0 229 847
0 230 3014
0 231 1261
0 232 39
0 233 2399
0 234 995
0 235 537
0 236 2786
0 237 2575
0 238 233
0 239 2846
0 240 362
0 241 2778
0 242 2755
0 243 3555
0 244 3584
0 245 2503
0 246 2474
0 247 3412
0 248 2249
0 249 2009
0 250 1421
0 251 490
0 252 992
0 253 3468
0 254 1591
0 255 2360
0 256 3210
0 257 2770
0 258 3348
0 259 3474
0 260 2382
0 261 2030
0 262 2278
0 263 2469
0 264 2284
0 265 2194
0 266 1590
0 267 587
0 268 1895
0 269 1995
0 270 1686
0 271 487
0 272 1793
0 273 3025
0 274 407
0 275 805
0 276 3136
0 277 3032
0 278 3367
0 279 3254
0 280 3083
0 281 2409
0 282 1011
0 283 2385
0 284 1854
0 285 970
0 286 2556
0 287 23
0 288 87
0 289 1150
0 290 2766
0 291 1892
0 292 444
0 293 2257
0 294 2015
0 295 1891
0 296 913
0 297 3216
0 298 909
0 299 1024
0 300 85
0 301 2190
0 302 466
0 303 2155
0 304 596
0 305 1686
0 306 974
0 307 1148
0 308 744
0 309 1267
0 310 1497
0 311 1245
0 312 2070
0 313 2822
0 314 763
0 315 1929
0 316 2764
0 317 2962
0 318 2624
0 319 476
0 320 885
0 321 2566
0 322 2887
0 323 280
0 324 2462
0 325 2968
0 326 2313
0 327 2411
0 328 1768
0 329 2427
0 330 2399
0 331 960
0 332 649
0 333 1468
0 334 3535
0 335 1459
0 336 1456
0 337 2986
0 338 3748
0 339 3556
0 340 2634
0 341 3101
0 342 3768
0 343 3773
0 344 2099
0 345 248
0 346 2745
0 347 3630
0 348 2171
0 349 859
0 350 1708
0 351 3354
0 352 3549
0 353 1204
0 354 2881
0 355 3006
0 356 3519
0 357 3162
0 358 505
0 359 58
0 360 1006
0 361 3167
0 362 1708
0 363 2736
0 364 2235
0 365 3261
0 366 3754
0 367 1539
0 368 3147
0 369 2410
0 370 224
0 371 2673
0 372 1568
0 373 1897
0 374 463
0 375 1553
0 376 155
0 377 3109
0 378 2488
0 379 1361
0 380 1441
0 381 2541
0 382 3266
0 383 2699
0 384 1379
0 385 147
0 386 1687
0 387 1288
0 388 1611
0 389 655
0 390 2509
0 391 394
0 392 2737
0 393 2555
0 394 1811
0 395 1842
0 396 1362
0 397 2253
0 398 2571
0 399 1200
0 400 1056
0 401 1821
0 402 1824
0 403 2670
0 404 779
0 405 3705
0 406 3052
0 407 1129
0 408 1174
0 409 3521
0 410 2847
0 411 2308
0 412 3592
0 413 843
0 414 2955
0 415 2083
0 416 3195
0 417 39
0 418 1787
0 419 3433
0 420 1430
0 421 906
0 422 1403
0 423 2127
0 424 125
0 425 308
0 426 1664
0 427 2036
0 428 1245
0 429 2033
0 430 1198
0 431 2479
0 432 1047
0 433 3162
0 434 828
0 435 867
0 436 2636
0 437 3311
0 438 2606
0 439 2195
0 440 409
0 441 2502
0 442 1401
0 443 502
0 444 3214
0 445 23
0 446 1237
0 447 745
0 448 563
0 449 2861
0 450 1646
0 451 813
0 452 502
0 453 1890
0 454 2633
0 455 2154
0 456 588
0 457 3
0 458 1248
0 459 225
0 460 1714
0 461 1224
0 462 1872
0 463 3080
0 464 555
0 465 3414
0 466 624
0 467 1595
0 468 2340
0 469 618
0 470 41
0 471 111
0 472 1063
0 473 2407
0 474 534
0 475 2028
0 476 1592
0 477 1894
0 478 2123
0 479 3676
0 480 1828
0 481 3115
0 482 751
0 483 1896
0 484 1784
0 485 1661
0 486 66
0 487 600
0 488 3120
0 489 2775
0 490 1569
0 491 326
0 492 2991
0 493 2311
0 494 289
0 495 156
0 496 2454
0 497 2155
0 498 3105
0 499 2332
0 500 1787
0 501 652
0 502 2339
0 503 3550
0 504 1695
0 505 1891
0 506 1132
0 507 3593
0 508 1666
0 509 789
0 510 3081
0 511 191
0 512 1867
0 513 417
0 514 3396
0 515 3252
0 516 3591
0 517 2131
0 518 1196
0 519 822
0 520 2063
0 521 2278
0 522 873
0 523 662
0 524 648
0 525 2816
0 526 1994
0 527 390
0 528 3704
0 529 2826
0 530 2361
0 531 1264
0 532 746
0 533 3474
0 534 3642
0 535 468
0 536 1257
0 537 2208
0 538 1325
0 539 2618
0 540 2989
0 541 1201
0 542 85
0 543 479
0 544 3510
0 545 2028
0 546 1036
0 547 2162
0 548 846
0 549 250
0 550 675
0 551 3103
0 552 3498
0 553 2324
0 554 955
0 555 268
0 556 3260
0 557 339
0 558 2211
0 559 3614
0 560 2923
0 561 1383
0 562 2334
0 563 2329
0 564 640
0 565 1662
0 566 2896
0 567 956
0 568 2874
0 569 909
0 570 1527
0 571 1009
0 572 467
0 573 1399
0 574 2737
0 575 2834
0 576 3682
0 577 1423
0 578 13
0 579 1658
0 580 1470
0 581 1872
0 582 3006
0 583 874
0 584 36
0 585 1765
0 586 2110
0 587 1406
0 588 2147
0 589 1382
0 590 3493
0 591 1544
0 592 1643
0 593 2683
0 594 1683
0 595 1348
0 596 2026
0 597 3001
0 598 1333
0 599 3209
0 600 1248
0 601 665
0 602 3177
0 603 124
0 604 3260
0 605 994
0 606 1494
0 607 3741
0 608 959
0 609 2239
0 610 2649
0 611 1697
0 612 2438
0 613 323
0 614 3628
0 615 877
0 616 1066
0 617 3311
0 618 3137
0 619 748
0 620 2887
0 621 1182
0 622 591
0 623 471
0 624 1789
0 625 320
0 626 94
0 627 1156
0 628 814
0 629 2745
0 630 3730
0 631 3614
0 632 1551
0 633 445
0 634 2434
0 635 3288
0 636 761
0 637 932
0 638 445
0 639 389
0 640 3136
0 641 3149
0 642 952
0 643 2947
0 644 1116
0 645 2873
0 646 1530
0 647 1743
0 648 3768
0 649 930
0 650 79
0 651 1971
0 652 2630
0 653 1358
0 654 1885
0 655 2351
0 656 640
0 657 567
0 658 3319
0 659 254
0 660 2130
0 661 1273
0 662 763
0 663 522
0 664 1792
0 665 1818
0 666 265
0 667 1935
0 668 2921
0 669 981
0 670 918
0 671 764
0 672 757
0 673 2905
0 674 3073
0 675 483
0 676 305
0 677 486
0 678 3023
0 679 1549
0 680 1934
0 681 11
0 682 84
0 683 645
0 684 2702
0 685 3606
0 686 1654
0 687 1031
0 688 3429
0 689 3479
0 690 488
0 691 374
0 692 2670
0 693 1561
0 694 1775
0 695 560
0 696 2890
0 697 2651
0 698 2440
0 699 3329
0 700 1177
0 701 987
0 702 2749
0 703 955
0 704 2402
0 705 339
0 706 3068
0 707 173
0 708 3202
0 709 589
0 710 319
0 711 2864
0 712 3614
0 713 3500
0 714 2504
0 715 607
0 716 2300
0 717 3399
0 718 1505
0 719 2404
0 720 1920
0 721 1623
0 722 3180
0 723 2695
0 724 3307
0 725 1623
0 726 2013
0 727 2238
0 728 3640
0 729 3409
0 730 1890
0 731 2839
0 732 3749
0 733 2134
0 734 3012
0 735 1539
0 736 1923
0 737 663
0 738 3574
0 739 1029
0 740 792
0 741 3127
0 742 3038
0 743 2662
0 744 869
0 745 560
0 746 150
0 747 2625
0 748 3538
0 749 1331
0 750 287
0 751 1734
0 752 2137
0 753 251
0 754 54
0 755 284
0 756 1525
0 757 2072
0 758 2786
0 759 995
0 760 3231
0 761 2117
0 762 1391
0 763 2848
0 764 1601
0 765 645
0 766 1068
0 767 25
0 768 2390
0 769 346
0 770 1955
0 771 1514
0 772 841
0 773 3080
0 774 2920
0 775 2410
0 776 1274
0 777 1858
0 778 725
0 779 1869
0 780 100
0 781 1858
0 782 392
0 783 1294
0 784 2931
0 785 3433
0 786 3476
0 787 3300
0 788 1505
0 789 2342
0 790 1387
0 791 1803
0 792 3766
0 793 3178
0 794 967
0 795 1403
0 796 2480
0 797 2901
0 798 2343
0 799 2191
0 800 3481
0 801 975
0 802 376
0 803 798
0 804 1424
0 805 550
0 806 292
0 807 499
0 808 1459
0 809 3015
0 810 1608
0 811 526
0 812 3707
0 813 1947
0 814 196
0 815 283
0 816 2289
0 817 1453
0 818 372
0 819 3706
0 820 1520
0 821 1942
0 822 2435
0 823 2779
0 824 178
0 825 993
0 826 397
0 827 1043
0 828 3181
0 829 1504
0 830 684
0 831 659
0 832 1490
0 833 1696
0 834 3289
0 835 1284
0 836 2270
0 837 2020
0 838 2803
0 839 2335
0 840 3487
0 841 992
0 842 1207
0 843 1489
0 844 10
0 845 1170
0 846 361
0 847 3652
0 848 2375
0 849 2319
0 850 2636
0 851 2999
0 852 236
0 853 1722
0 854 1490
0 855 228
0 856 1661
0 857 1385
0 858 1754
0 859 2495
0 860 2153
0 861 472
0 862 3565
0 863 105
0 864 667
0 865 2996
0 866 1045
0 867 1037
0 868 3503
0 869 2706
0 870 225
0 871 1426
0 872 992
0 873 2911
0 874 2731
0 875 3318
0 876 2779
0 877 2957
0 878 1309
0 879 3198
0 880 1962
0 881 256
0 882 1762
0 883 3380
0 884 3013
0 885 1351
0 886 1436
0 887 3769
0 888 156
0 889 1432
0 890 1825
0 891 2153
0 892 3281
0 893 124
0 894 579
0 895 872
0 896 3134
0 897 1658
0 898 1404
0 899 1357
0 900 600
0 901 2947
0 902 3517
0 903 813
0 904 3129
0 905 2109
0 906 1592
0 907 240
0 908 2234
0 909 731
0 910 1967
0 911 249
0 912 219
0 913 907
0 914 1611
0 915 1462
0 916 486
0 917 3097
0 918 2404
0 919 2303
0 920 601
0 921 2073
0 922 948
0 923 902
0 924 2022
0 925 2117
0 926 3768
0 927 229
0 928 1325
0 929 3366
0 930 1806
0 931 1729
0 932 2035
0 933 1900
0 934 3236
0 935 2986
0 936 537
0 937 824
0 938 1789
0 939 3577
0 940 1588
0 941 602
0 942 1028
0 943 3142
0 944 488
0 945 3694
0 946 765
0 947 3386
0 948 64
0 949 3004
0 950 1763
0 951 1824
0 952 3287
0 953 543
0 954 481
0 955 1596
0 956 3049
0 957 3146
0 958 2253
0 959 3720
0 960 3191
0 961 2541
0 962 3236
0 963 2349
0 964 1549
0 965 59
0 966 3568
0 967 3579
0 968 1898
0 969 112
0 970 3302
0 971 154
0 972 671
0 973 2455
0 974 3248
0 975 3279
0 976 2728
0 977 3079
0 978 1351
0 979 3401
0 980 3248
0 981 3497
0 982 1693
0 983 2735
0 984 2598
0 985 461
0 986 287
0 987 1494
0 988 85
0 989 2505
0 990 42
0 991 1210
0 992 1954
0 993 3763
0 994 142
0 995 2861
0 996 843
0 997 3039
0 998 3421
0 999 201
0 1000 1162
0 1001 1109
0 1002 2096
0 1003 188
0 1004 964
0 1005 1212
0 1006 543
0 1007 2855
0 1008 3507
0 1009 1160
0 1010 2740
0 1011 2765
0 1012 1853
0 1013 779
0 1014 2870
0 1015 2365
0 1016 2133
0 1017 1739
0 1018 1254
0 1019 1088
0 1020 2373
0 1021 827
0 1022 2167
0 1023 919
0 1024 2572
0 1025 2872
0 1026 1859
0 1027 3617
0 1028 3270
0 1029 2673
0 1030 1467
0 1031 3766
0 1032 1494
0 1033 3769
0 1034 2719
0 1035 744
0 1036 3085
0 1037 3216
0 1038 3499
0 1039 2251
0 1040 2310
0 1041 2639
0 1042 1545
0 1043 3445
0 1044 689
0 1045 2474
0 1046 3221
0 1047 1273
0 1048 3365
0 1049 591
0 1050 2770
0 1051 1576
0 1052 1901
0 1053 1345
0 1054 3342
0 1055 432
0 1056 1575
0 1057 2085
0 1058 2361
0 1059 636
0 1060 1232
0 1061 3471
0 1062 2441
0 1063 1957
0 1064 1414
0 1065 3084
0 1066 3184
0 1067 854
0 1068 481
0 1069 3549
0 1070 2299
0 1071 39
0 1072 1532
0 1073 949
0 1074 2966
0 1075 1815
0 1076 1178
0 1077 1161
0 1078 2951
0 1079 1989
0 1080 598
0 1081 2129
0 1082 210
0 1083 3608
0 1084 1138
0 1085 3590
0 1086 563
0 1087 3087
0 1088 3448
0 1089 3700
0 1090 428
0 1091 1992
0 1092 134
0 1093 1205
0 1094 2022
0 1095 2068
0 1096 1094
0 1097 2945
0 1098 2526
0 1099 2783
0 1100 3377
0 1101 3669
0 1102 2015
0 1103 537
0 1104 2707
0 1105 949
0 1106 3144
0 1107 1263
0 1108 1358
0 1109 841
0 1110 3291
0 1111 2707
0 1112 2394
0 1113 203
0 1114 1311
0 1115 978
0 1116 2944
0 1117 869
0 1118 675
0 1119 325
0 1120 1728
0 1121 1271
0 1122 905
0 1123 1342
0 1124 3248
0 1125 543
0 1126 1953
0 1127 759
0 1128 1101
0 1129 2282
0 1130 3326
0 1131 3200
0 1132 968
0 1133 76
0 1134 3702
0 1135 2475
0 1136 1458
0 1137 12
0 1138 1763
0 1139 2100
0 1140 3439
0 1141 1812
0 1142 1458
0 1143 2335
0 1144 1325
0 1145 1344
0 1146 3498
0 1147 3314
0 1148 1753
0 1149 2952
0 1150 202
0 1151 680
0 1152 1689
0 1153 3553
0 1154 839
0 1155 614
0 1156 380
0 1157 2454
0 1158 3742
0 1159 1700
0 1160 3656
0 1161 2626
0 1162 365
0 1163 743
0 1164 3008
0 1165 3209
0 1166 615
0 1167 2770
0 1168 2626
0 1169 3154
0 1170 795
0 1171 1567
0 1172 2466
0 1173 671
0 1174 3248
0 1175 3006
0 1176 1699
0 1177 2079
0 1178 1431
0 1179 2046
0 1180 1211
0 1181 2044
0 1182 475
0 1183 2053
0 1184 174
0 1185 2999
0 1186 2081
0 1187 1183
0 1188 3153
0 1189 2942
0 1190 2357
0 1191 1709
0 1192 1291
0 1193 542
0 1194 2053
0 1195 2324
0 1196 739
0 1197 2160
0 1198 3417
0 1199 305
0 1200 2623
0 1201 2865
0 1202 3234
0 1203 1397
0 1204 1435
0 1205 393
0 1206 365
0 1207 2523
0 1208 1916
0 1209 275
0 1210 3403
0 1211 3181
0 1212 322
0 1213 512
0 1214 1325
0 1215 3054
0 1216 3245
0 1217 2220
0 1218 3726
0 1219 1355
0 1220 900
0 1221 3135
0 1222 1354
0 1223 2094
0 1224 2057
0 1225 2758
0 1226 179
0 1227 438
0 1228 2181
0 1229 1229
0 1230 1113
0 1231 3499
0 1232 773
0 1233 1796
0 1234 1753
0 1235 2768
0 1236 1220
0 1237 254
0 1238 3175
0 1239 658
0 1240 3293
0 1241 179
0 1242 3605
0 1243 3350
0 1244 1000
0 1245 2061
0 1246 2352
0 1247 3003
0 1248 974
0 1249 2647
0 1250 852
0 1251 1404
0 1252 3512
0 1253 2975
0 1254 2792
0 1255 3612
0 1256 533
0 1257 2217
0 1258 2679
0 1259 2153
0 1260 624
0 1261 1006
0 1262 2632
0 1263 2573
0 1264 580
0 1265 1418
0 1266 1395
0 1267 7
0 1268 565
0 1269 866
0 1270 1647
0 1271 411
0 1272 1235
0 1273 2334
0 1274 2294
0 1275 2410
0 1276 3035
0 1277 393
0 1278 394
0 1279 3186
0 1280 2728
0 1281 2009
0 1282 903
0 1283 3573
0 1284 2369
0 1285 1225
0 1286 930
0 1287 1426
0 1288 3037
0 1289 3286
0 1290 870
0 1291 120
0 1292 3617
0 1293 2165
0 1294 2807
0 1295 1057
0 1296 2154
0 1297 3280
0 1298 3184
0 1299 754
0 1300 2391
0 1301 1664
0 1302 3156
0 1303 452
0 1304 368
0 1305 2324
0 1306 3271
0 1307 3454
0 1308 1567
0 1309 629
0 1310 2137
0 1311 3081
0 1312 1888
0 1313 1893
0 1314 2265
0 1315 730
0 1316 588
0 1317 1768
0 1318 1135
0 1319 1491
0 1320 1155
0 1321 1585
0 1322 955
0 1323 306
0 1324 1458
0 1325 1677
0 1326 11
0 1327 3196
0 1328 3486
0 1329 2707
0 1330 2868
0 1331 3273
0 1332 2450
0 1333 895
0 1334 3497
0 1335 2680
0 1336 666
0 1337 3371
0 1338 2539
0 1339 1457
0 1340 955
0 1341 412
0 1342 168
0 1343 352
0 1344 1048
0 1345 188
0 1346 3087
0 1347 1579
0 1348 419
0 1349 3524
0 1350 2236
0 1351 1649
0 1352 732
0 1353 1636
0 1354 80
0 1355 3083
0 1356 1219
0 1357 1632
0 1358 3731
0 1359 2597
0 1360 2955
0 1361 147
0 1362 3519
0 1363 236
0 1364 1929
0 1365 671
0 1366 3273
0 1367 3399
0 1368 2500
0 1369 1214
0 1370 2166
0 1371 3449
0 1372 909
0 1373 1239
0 1374 3222
0 1375 933
0 1376 1936
0 1377 3678
0 1378 23
0 1379 2928
0 1380 728
0 1381 1710
0 1382 1566
0 1383 451
0 1384 1705
0 1385 480
0 1386 2716
0 1387 1970
0 1388 1548
0 1389 1678
0 1390 524
0 1391 3658
0 1392 1856
0 1393 2425
0 1394 1672
0 1395 1411
0 1396 3667
0 1397 660
0 1398 2849
0 1399 886
0 1400 2851
0 1401 3016
0 1402 1464
0 1403 781
0 1404 2793
0 1405 2169
0 1406 3411
0 1407 2649
0 1408 375
0 1409 1586
0 1410 3352
0 1411 1033
0 1412 768
0 1413 446
0 1414 1261
0 1415 937
0 1416 3142
0 1417 2796
0 1418 493
0 1419 1277
0 1420 2748
0 1421 2804
0 1422 661
0 1423 2667
0 1424 1878
0 1425 1323
0 1426 2448
0 1427 3406
0 1428 820
0 1429 1870
0 1430 2352
0 1431 2946
0 1432 358
0 1433 891
0 1434 768
0 1435 3161
0 1436 803
0 1437 3600
0 1438 1437
0 1439 1508
0 1440 2660
0 1441 2117
0 1442 2953
0 1443 421
0 1444 193
0 1445 2668
0 1446 1963
0 1447 556
0 1448 1990
0 1449 3261
0 1450 3712
0 1451 3504
0 1452 1730
0 1453 1034
0 1454 1573
0 1455 399
0 1456 64
0 1457 2565
0 1458 3169
0 1459 3544
0 1460 796
0 1461 1605
0 1462 415
0 1463 450
0 1464 352
0 1465 3421
0 1466 177
0 1467 3360
0 1468 2133
0 1469 3484
0 1470 282
0 1471 3053
0 1472 360
0 1473 3472
0 1474 1071
0 1475 1287
0 1476 1569
0 1477 1310
0 1478 295
0 1479 1245
0 1480 1885
0 1481 1669
0 1482 3531
0 1483 517
0 1484 845
0 1485 1295
0 1486 1716
0 1487 2121
0 1488 2672
0 1489 609
0 1490 921
0 1491 1111
0 1492 2577
0 1493 2291
0 1494 1735
0 1495 1362
0 1496 3519
0 1497 2877
0 1498 2075
0 1499 2418
0 1500 3026
0 1501 3639
0 1502 173
0 1503 3451
0 1504 559
0 1505 2670
0 1506 3498
0 1507 3276
0 1508 291
0 1509 1988
0 1510 1465
0 1511 609
0 1512 1819
0 1513 1679
0 1514 2215
0 1515 12
0 1516 2834
0 1517 1029
0 1518 567
0 1519 1203
0 1520 3750
0 1521 1339
0 1522 116
0 1523 1150
0 1524 497
0 1525 2650
0 1526 1951
0 1527 3012
0 1528 3375
0 1529 2956
0 1530 3567
0 1531 829
0 1532 1382
0 1533 2177
0 1534 3623
0 1535 3361
0 1536 654
0 1537 592
0 1538 663
0 1539 437
0 1540 3495
0 1541 312
0 1542 2886
0 1543 3266
0 1544 2437
0 1545 1983
0 1546 3054
0 1547 1575
0 1548 2013
0 1549 280
0 1550 3671
0 1551 1809
0 1552 261
0 1553 3151
0 1554 2408
0 1555 584
0 1556 628
0 1557 1486
0 1558 246
0 1559 2177
0 1560 133
0 1561 2390
0 1562 1524
0 1563 2309
0 1564 533
0 1565 3589
0 1566 1564
0 1567 368
0 1568 955
0 1569 1976
0 1570 2924
0 1571 2656
0 1572 2325
0 1573 3317
0 1574 471
0 1575 676
0 1576 999
0 1577 2614
0 1578 279
0 1579 1718
0 1580 1912
0 1581 428
0 1582 2471
0 1583 2509
0 1584 2166
0 1585 2002
0 1586 394
0 1587 2091
0 1588 610
0 1589 198
0 1590 1869
0 1591 1388
0 1592 3220
0 1593 2513
0 1594 2659
0 1595 2468
0 1596 1687
0 1597 2365
0 1598 1075
0 1599 329
0 1600 906
0 1601 1557
0 1602 1499
0 1603 359
0 1604 3442
0 1605 1730
0 1606 2502
0 1607 133
0 1608 1458
0 1609 1163
0 1610 1747
0 1611 1443
0 1612 152
0 1613 1675
0 1614 2040
0 1615 63
0 1616 3433
0 1617 1490
0 1618 298
0 1619 1494
0 1620 3522
0 1621 268
0 1622 490
0 1623 99
0 1624 3555
0 1625 3474
0 1626 851
0 1627 2661
0 1628 144
0 1629 1897
0 1630 1437
0 1631 2246
0 1632 1608
0 1633 2971
0 1634 1235
0 1635 1068
0 1636 2557
0 1637 2743
0 1638 639
0 1639 2078
0 1640 599
0 1641 2860
0 1642 3737
0 1643 2463
0 1644 2315
0 1645 517
0 1646 3432
0 1647 2020
0 1648 2207
0 1649 1508
0 1650 545
0 1651 1627
0 1652 2752
0 1653 732
0 1654 884
0 1655 2259
0 1656 1271
0 1657 1722
0 1658 3602
0 1659 2434
0 1660 416
0 1661 1871
0 1662 439
0 1663 2054
0 1664 769
0 1665 3634
0 1666 1696
0 1667 408
0 1668 2081
0 1669 2281
0 1670 1431
0 1671 2622
0 1672 1905
0 1673 1675
0 1674 2292
0 1675 2155
0 1676 507
0 1677 2352
0 1678 2423
0 1679 2776
0 1680 2069
0 1681 2030
0 1682 1843
0 1683 992
0 1684 3428
0 1685 3230
0 1686 1290
0 1687 3699
0 1688 3197
0 1689 1346
0 1690 3056
0 1691 781
0 1692 3633
0 1693 795
0 1694 1928
0 1695 2692
0 1696 1537
0 1697 3556
0 1698 3477
0 1699 1017
0 1700 2294
0 1701 2653
0 1702 3628
0 1703 2362
0 1704 1688
0 1705 1734
0 1706 779
0 1707 2390
0 1708 3616
0 1709 57
0 1710 855
0 1711 2477
0 1712 691
0 1713 588
0 1714 3406
0 1715 1318
0 1716 2244
0 1717 654
0 1718 969
0 1719 2223
0 1720 1431
0 1721 1474
0 1722 1202
0 1723 1185
0 1724 1235
0 1725 2294
0 1726 3217
0 1727 251
0 1728 3672
0 1729 311
0 1730 1889
0 1731 2460
0 1732 90
0 1733 3722
0 1734 703
0 1735 2606
0 1736 437
0 1737 2204
0 1738 2331
0 1739 3224
0 1740 758
0 1741 447
0 1742 2853
0 1743 717
0 1744 3699
0 1745 1094
0 1746 430
0 1747 6
0 1748 2595
0 1749 3621
0 1750 208
0 1751 1383
0 1752 2331
0 1753 2571
0 1754 2314
0 1755 1537
0 1756 177
0 1757 1251
0 1758 2644
0 1759 351
0 1760 3545
0 1761 368
0 1762 3354
0 1763 2489
0 1764 319
0 1765 393
0 1766 3537
0 1767 1589
0 1768 292
0 1769 2330
0 1770 3540
0 1771 2903
0 1772 346
0 1773 1597
0 1774 965
0 1775 320
0 1776 3253
0 1777 1237
0 1778 2998
0 1779 205
0 1780 704
0 1781 1404
0 1782 1577
0 1783 399
0 1784 2565
0 1785 140
0 1786 347
0 1787 2959
0 1788 250
0 1789 2712
0 1790 828
0 1791 1759
0 1792 1705
0 1793 1457
0 1794 192
0 1795 827
0 1796 3183
0 1797 1509
0 1798 1348
0 1799 2038
0 1800 10
0 1801 2697
0 1802 3286
0 1803 380
0 1804 2366
0 1805 396
0 1806 1367
0 1807 1039
0 1808 725
0 1809 2567
0 1810 3312
0 1811 3250
0 1812 3274
0 1813 996
0 1814 1110
0 1815 2982
0 1816 1713
0 1817 1106
0 1818 1623
0 1819 978
0 1820 375
0 1821 456
0 1822 3197
0 1823 171
0 1824 2871
0 1825 1386
0 1826 2132
0 1827 1687
0 1828 2978
0 1829 2132
0 1830 2024
0 1831 1086
0 1832 1261
0 1833 185
0 1834 1470
0 1835 363
0 1836 897
0 1837 118
0 1838 3693
0 1839 814
0 1840 406
0 1841 409
0 1842 2161
0 1843 2367
0 1844 3534
0 1845 1907
0 1846 3423
0 1847 3468
0 1848 1012
0 1849 1131
0 1850 3406
0 1851 3173
0 1852 2389
0 1853 945
0 1854 2337
0 1855 2073
0 1856 2079
0 1857 3082
0 1858 1021
0 1859 2428
0 1860 1953
0 1861 1180
0 1862 612
0 1863 354
0 1864 1065
0 1865 578
0 1866 279
0 1867 700
0 1868 1754
0 1869 1592
0 1870 2302
0 1871 2074
0 1872 3196
0 1873 2771
0 1874 2617
0 1875 1571
0 1876 152
0 1877 1206
0 1878 297
0 1879 3204
0 1880 2094
0 1881 2255
0 1882 1463
0 1883 190
0 1884 3482
0 1885 1899
0 1886 1939
0 1887 3319
0 1888 1056
0 1889 1988
0 1890 2334
0 1891 1119
0 1892 232
0 1893 2695
0 1894 747
0 1895 3435
0 1896 3142
0 1897 3436
0 1898 2924
0 1899 2474
0 1900 2322
0 1901 3207
0 1902 1399
0 1903 2918
0 1904 309
0 1905 1356
0 1906 2475
0 1907 545
0 1908 3530
0 1909 2343
0 1910 2180
0 1911 466
0 1912 1939
0 1913 1558
0 1914 2664
0 1915 2285
0 1916 2498
0 1917 1114
0 1918 421
0 1919 469
0 1920 1925
0 1921 3711
0 1922 1230
0 1923 1576
0 1924 3375
0 1925 712
0 1926 785
0 1927 3288
0 1928 258
0 1929 2096
0 1930 2295
0 1931 1174
0 1932 2903
0 1933 909
0 1934 3693
0 1935 2152
0 1936 2254
0 1937 1809
0 1938 554
0 1939 941
0 1940 520
0 1941 2544
0 1942 2897
0 1943 538
0 1944 1707
0 1945 1238
0 1946 3568
0 1947 1522
0 1948 2455
0 1949 1509
0 1950 3522
0 1951 878
0 1952 901
0 1953 2592
0 1954 2707
0 1955 767
0 1956 948
0 1957 1950
0 1958 106
0 1959 3661
0 1960 3222
0 1961 57
0 1962 1132
0 1963 558
0 1964 2932
0 1965 2067
0 1966 314
0 1967 3073
0 1968 1035
0 1969 1032
0 1970 1739
0 1971 1339
0 1972 3573
0 1973 375
0 1974 2341
0 1975 1854
0 1976 2948
0 1977 2311
0 1978 3011
0 1979 753
0 1980 464
0 1981 1037
0 1982 1624
0 1983 2525
0 1984 2153
0 1985 613
0 1986 2714
0 1987 147
0 1988 560
0 1989 1863
0 1990 2896
0 1991 1451
0 1992 3068
0 1993 3415
0 1994 674
0 1995 2575
0 1996 2235
0 1997 263
0 1998 3577
0 1999 864
0 2000 387
0 2001 2306
0 2002 596
0 2003 3549
0 2004 327
0 2005 3301
0 2006 1429
0 2007 2295
0 2008 45
0 2009 2095
0 2010 3376
0 2011 3541
0 2012 2851
0 2013 1516
0 2014 1256
0 2015 1578
0 2016 1425
0 2017 1096
0 2018 736
0 2019 1879
0 2020 2650
0 2021 3546
0 2022 3021
0 2023 567
0 2024 2570
0 2025 704
0 2026 667
0 2027 3579
0 2028 2297
0 2029 503
0 2030 361
0 2031 241
0 2032 3182
0 2033 2690
0 2034 2795
0 2035 1269
0 2036 241
0 2037 2485
0 2038 3361
0 2039 2971
0 2040 1640
0 2041 502
0 2042 1772
0 2043 2815
0 2044 1214
0 2045 3576
0 2046 1147
0 2047 3737
0 2048 1155
0 2049 2399
0 2050 2327
0 2051 1276
0 2052 3009
0 2053 89
0 2054 2932
0 2055 3101
0 2056 3633
0 2057 1960
0 2058 619
0 2059 3155
0 2060 1213
0 2061 1569
0 2062 2510
0 2063 324
0 2064 2601
0 2065 1843
0 2066 2431
0 2067 2766
0 2068 563
0 2069 509
0 2070 2280
0 2071 1921
0 2072 1643
0 2073 47
0 2074 1366
0 2075 1035
0 2076 2667
0 2077 369
0 2078 2312
0 2079 285
0 2080 391
0 2081 439
0 2082 2724
0 2083 660
0 2084 1601
0 2085 3567
0 2086 3588
0 2087 517
0 2088 2255
0 2089 2175
0 2090 3583
0 2091 2858
0 2092 1251
0 2093 2321
0 2094 1469
0 2095 3466
0 2096 3564
0 2097 2023
0 2098 3441
0 2099 3156
0 2100 1456
0 2101 34
0 2102 2173
0 2103 1674
0 2104 1920
0 2105 3322
0 2106 54
0 2107 107
0 2108 3376
0 2109 246
0 2110 1749
0 2111 2120
0 2112 1099
0 2113 2555
0 2114 706
0 2115 539
0 2116 2570
0 2117 3448
0 2118 3184
0 2119 2629
0 2120 1130
0 2121 1459
0 2122 3554
0 2123 2429
0 2124 36
0 2125 439
0 2126 3569
0 2127 2643
0 2128 2560
0 2129 3046
0 2130 1968
0 2131 3303
0 2132 3476
0 2133 21
0 2134 1751
0 2135 2947
0 2136 2212
0 2137 1655
0 2138 534
0 2139 2651
0 2140 1159
0 2141 1558
0 2142 1
0 2143 1944
0 2144 597
0 2145 2301
0 2146 2377
0 2147 3394
0 2148 367
0 2149 622
0 2150 2206
0 2151 3577
0 2152 2084
0 2153 2523
0 2154 3111
0 2155 3579
0 2156 3146
0 2157 1243
0 2158 1042
0 2159 1625
0 2160 255
0 2161 1025
0 2162 1478
0 2163 999
0 2164 2534
0 2165 2027
0 2166 750
0 2167 2124
0 2168 2651
0 2169 2840
0 2170 2748
0 2171 650
0 2172 1793
0 2173 211
0 2174 3674
0 2175 731
0 2176 377
0 2177 871
0 2178 1005
0 2179 2331
0 2180 3701
0 2181 3616
0 2182 2159
0 2183 730
0 2184 2298
0 2185 3117
0 2186 2079
0 2187 3687
0 2188 169
0 2189 50
0 2190 3528
0 2191 3630
0 2192 2749
0 2193 2236
0 2194 1419
0 2195 2308
0 2196 2496
0 2197 128
0 2198 1188
0 2199 81
0 2200 2505
0 2201 2141
0 2202 2620
0 2203 658
0 2204 1365
0 2205 2274
0 2206 2756
0 2207 162
0 2208 1066
0 2209 2058
0 2210 3481
0 2211 2507
0 2212 2772
0 2213 3398
0 2214 534
0 2215 988
0 2216 3125
0 2217 3587
0 2218 43
0 2219 3363
0 2220 2512
0 2221 1077
0 2222 267
0 2223 1243
0 2224 153
0 2225 430
0 2226 2265
0 2227 1399
0 2228 2577
0 2229 2343
0 2230 2327
0 2231 2180
0 2232 1435
0 2233 3728
0 2234 2138
0 2235 2379
0 2236 2656
0 2237 30
0 2238 3382
0 2239 2628
0 2240 3681
0 2241 3434
0 2242 2599
0 2243 966
0 2244 774
0 2245 1091
0 2246 2146
0 2247 1878
0 2248 2534
0 2249 3099
0 2250 137
0 2251 1403
0 2252 1812
0 2253 3577
0 2254 2945
0 2255 358
0 2256 1875
0 2257 2038
0 2258 473
0 2259 713
0 2260 1131
0 2261 1644
0 2262 3194
0 2263 1893
0 2264 3276
0 2265 3025
0 2266 3057
0 2267 2444
0 2268 1281
0 2269 2225
0 2270 105
0 2271 2407
0 2272 3337
0 2273 128
0 2274 2259
0 2275 503
0 2276 38
0 2277 2941
0 2278 1492
0 2279 376
0 2280 2667
0 2281 2158
0 2282 213
0 2283 2355
0 2284 2702
0 2285 1844
0 2286 1590
0 2287 19
0 2288 2594
0 2289 970
0 2290 1082
0 2291 876
0 2292 3203
0 2293 1166
0 2294 2577
0 2295 959
0 2296 2177
0 2297 1836
0 2298 1853
0 2299 712
0 2300 809
0 2301 40
0 2302 2372
0 2303 3307
0 2304 1839
0 2305 1212
0 2306 2343
0 2307 840
0 2308 765
0 2309 149
0 2310 1654
0 2311 1727
0 2312 3538
0 2313 2611
0 2314 411
0 2315 2652
0 2316 2647
0 2317 2852
0 2318 1115
0 2319 2500
0 2320 3683
0 2321 1294
0 2322 2600
0 2323 1968
0 2324 1632
0 2325 340
0 2326 1551
0 2327 570
0 2328 1498
0 2329 787
0 2330 3586
0 2331 274
0 2332 163
0 2333 1121
0 2334 483
0 2335 1023
0 2336 2650
0 2337 712
0 2338 2496
0 2339 1149
0 2340 3552
0 2341 2899
0 2342 437
0 2343 1804
0 2344 1776
0 2345 1337
0 2346 1892
0 2347 3217
0 2348 767
0 2349 2311
0 2350 3678
0 2351 3218
0 2352 611
0 2353 2119
0 2354 3292
0 2355 3511
0 2356 991
0 2357 1197
0 2358 2214
0 2359 2623
0 2360 2478
0 2361 1837
0 2362 480
0 2363 2409
0 2364 1181
0 2365 1844
0 2366 3409
0 2367 783
0 2368 2063
0 2369 295
0 2370 2130
0 2371 2569
0 2372 567
0 2373 29
0 2374 451
0 2375 971
0 2376 706
0 2377 1599
0 2378 543
0 2379 1902
0 2380 355
0 2381 3572
0 2382 3636
0 2383 824
0 2384 1839
0 2385 1369
0 2386 1189
0 2387 702
0 2388 1208
0 2389 807
0 2390 125
0 2391 2163
0 2392 2964
0 2393 3249
0 2394 2163
0 2395 279
0 2396 2311
0 2397 1191
0 2398 979
0 2399 3480
0 2400 1806
0 2401 1707
0 2402 1679
0 2403 3169
0 2404 3278
0 2405 3139
0 2406 1549
0 2407 297
0 2408 262
0 2409 1697
0 2410 2094
0 2411 3571
0 2412 1320
0 2413 2502
0 2414 2675
0 2415 978
0 2416 3621
0 2417 3350
0 2418 1649
0 2419 783
0 2420 1341
0 2421 2619
0 2422 1950
0 2423 1248
0 2424 3722
0 2425 3361
0 2426 1646
0 2427 364
0 2428 3657
0 2429 3260
0 2430 431
0 2431 1894
0 2432 222
0 2433 471
0 2434 1338
0 2435 1727
0 2436 2117
0 2437 1227
0 2438 3347
0 2439 2824
0 2440 777
0 2441 1270
0 2442 3217
0 2443 1190
0 2444 2701
0 2445 90
0 2446 982
0 2447 3745
0 2448 87
0 2449 2365
0 2450 3491
0 2451 1627
0 2452 3367
0 2453 79
0 2454 2779
0 2455 2641
0 2456 2126
0 2457 590
0 2458 525
0 2459 3546
0 2460 1937
0 2461 3407
0 2462 3724
0 2463 860
0 2464 2347
0 2465 2271
0 2466 2331
0 2467 249
0 2468 518
0 2469 1008
0 2470 2706
0 2471 959
0 2472 2973
0 2473 35
0 2474 2870
0 2475 2299
0 2476 152
0 2477 2442
0 2478 2289
0 2479 2342
0 2480 2140
0 2481 2877
0 2482 1518
0 2483 553
0 2484 2092
0 2485 1833
0 2486 1241
0 2487 2255
0 2488 3511
0 2489 2257
0 2490 1419
0 2491 2598
0 2492 1824
0 2493 2106
0 2494 1241
0 2495 2137
0 2496 1009
0 2497 2787
0 2498 601
0 2499 1450
0 2500 3566
0 2501 1719
0 2502 2550
0 2503 2940
0 2504 409
0 2505 308
0 2506 2293
0 2507 1286
0 2508 2323
0 2509 3142
0 2510 2530
0 2511 2032
0 2512 3435
0 2513 606
0 2514 2896
0 2515 1893
0 2516 279
0 2517 1487
0 2518 3296
0 2519 3012
0 2520 2259
0 2521 1894
0 2522 411
0 2523 2342
0 2524 3342
0 2525 3696
0 2526 2029
0 2527 1893
0 2528 772
0 2529 2822
0 2530 1938
0 2531 1194
0 2532 359
0 2533 1414
0 2534 1786
0 2535 1332
0 2536 3417
0 2537 3226
0 2538 3753
0 2539 3327
0 2540 1875
0 2541 2155
0 2542 2446
0 2543 2491
0 2544 542
0 2545 1433
0 2546 1956
0 2547 3123
0 2548 1084
0 2549 1543
0 2550 3321
0 2551 2242
0 2552 3229
0 2553 3198
0 2554 907
0 2555 747
0 2556 3130
0 2557 2505
0 2558 1039
0 2559 3306
0 2560 1553
0 2561 3253
0 2562 1813
0 2563 1093
0 2564 549
0 2565 2004
0 2566 1607
0 2567 3273
0 2568 2561
0 2569 2441
0 2570 1715
0 2571 444
0 2572 684
0 2573 781
0 2574 16
0 2575 318
0 2576 506
0 2577 1235
0 2578 2873
0 2579 1169
0 2580 1755
0 2581 3324
0 2582 3020
0 2583 3025
0 2584 333
0 2585 1120
0 2586 2298
0 2587 273
0 2588 2001
0 2589 507
0 2590 546
0 2591 1443
0 2592 1142
0 2593 2518
0 2594 1763
0 2595 2209
0 2596 323
0 2597 442
0 2598 449
0 2599 222
0 2600 2661
0 2601 506
0 2602 3014
0 2603 494
0 2604 2281
0 2605 1665
0 2606 3072
0 2607 2907
0 2608 3205
0 2609 2271
0 2610 765
0 2611 3749
0 2612 3716
0 2613 669
0 2614 80
0 2615 327
0 2616 2999
0 2617 2034
0 2618 3737
0 2619 1569
0 2620 1161
0 2621 2274
0 2622 1328
0 2623 899
0 2624 244
0 2625 395
0 2626 1829
0 2627 2532
0 2628 2562
0 2629 1318
0 2630 289
0 2631 1996
0 2632 109
0 2633 2574
0 2634 385
0 2635 1958
0 2636 1767
0 2637 1224
0 2638 2819
0 2639 714
0 2640 88
0 2641 1836
0 2642 593
0 2643 1646
0 2644 3742
0 2645 100
0 2646 3295
0 2647 3689
0 2648 3405
0 2649 2310
0 2650 362
0 2651 950
0 2652 950
0 2653 3633
0 2654 2667
0 2655 678
0 2656 3739
0 2657 1780
0 2658 3074
0 2659 3280
0 2660 2977
0 2661 481
0 2662 2873
0 2663 1473
0 2664 513
0 2665 12
0 2666 1448
0 2667 245
0 2668 941
0 2669 2258
0 2670 1572
0 2671 2550
0 2672 642
0 2673 3606
0 2674 2043
0 2675 214
0 2676 2786
0 2677 3175
0 2678 2316
0 2679 1932
0 2680 1684
0 2681 2176
0 2682 2195
0 2683 3002
0 2684 2104
0 2685 3013
0 2686 3608
0 2687 1753
0 2688 514
0 2689 1565
0 2690 1285
0 2691 2601
0 2692 1457
0 2693 2679
0 2694 2145
0 2695 1064
0 2696 3573
0 2697 1912
0 2698 2246
0 2699 297
0 2700 733
0 2701 83
0 2702 1410
0 2703 1552
0 2704 885
0 2705 3773
0 2706 785
0 2707 474
0 2708 2190
0 2709 1449
0 2710 2943
0 2711 973
0 2712 2145
0 2713 1942
0 2714 121
0 2715 1679
0 2716 3228
0 2717 2701
0 2718 2961
0 2719 2025
0 2720 1279
0 2721 3544
0 2722 2093
0 2723 611
0 2724 2063
0 2725 1397
0 2726 1896
0 2727 107
0 2728 1822
0 2729 1059
0 2730 3626
0 2731 1462
0 2732 3728
0 2733 2697
0 2734 2915
0 2735 384
0 2736 3531
0 2737 2389
0 2738 2332
0 2739 1638
0 2740 1173
0 2741 1681
0 2742 1920
0 2743 3655
0 2744 667
0 2745 1995
0 2746 3691
0 2747 464
0 2748 804
0 2749 2542
0 2750 1819
0 2751 104
0 2752 3274
0 2753 2768
0 2754 3335
0 2755 3175
0 2756 2950
0 2757 1543
0 2758 3161
0 2759 2432
0 2760 2049
0 2761 401
0 2762 1159
0 2763 17
0 2764 303
0 2765 534
0 2766 1389
0 2767 3683
0 2768 2863
0 2769 3367
0 2770 1880
0 2771 1104
0 2772 3129
0 2773 623
0 2774 2050
0 2775 927
0 2776 1087
0 2777 280
0 2778 794
0 2779 2288
0 2780 1790
0 2781 2461
0 2782 3560
0 2783 1609
0 2784 2868
0 2785 668
0 2786 86
0 2787 488
0 2788 1406
0 2789 538
0 2790 438
0 2791 2491
0 2792 2615
0 2793 442
0 2794 2780
0 2795 3029
0 2796 132
0 2797 488
0 2798 724
0 2799 1669
0 2800 3645
0 2801 3135
0 2802 690
0 2803 2021
0 2804 1760
0 2805 1411
0 2806 2126
0 2807 3352
0 2808 2592
0 2809 3643
0 2810 509
0 2811 3233
0 2812 932
0 2813 1200
0 2814 1244
0 2815 268
0 2816 3132
0 2817 14
0 2818 2313
0 2819 3611
0 2820 2675
0 2821 927
0 2822 1848
0 2823 491
0 2824 2277
0 2825 508
0 2826 2327
0 2827 3151
0 2828 1940
0 2829 3232
0 2830 2051
0 2831 1656
0 2832 2207
0 2833 3243
0 2834 2307
0 2835 1946
0 2836 2507
0 2837 954
0 2838 1960
0 2839 2039
0 2840 984
0 2841 2624
0 2842 1596
0 2843 85
0 2844 2193
0 2845 103
0 2846 1556
0 2847 598
0 2848 1223
0 2849 2393
0 2850 2100
0 2851 1636
0 2852 2312
0 2853 291
0 2854 2676
0 2855 3647
0 2856 2702
0 2857 2519
0 2858 962
0 2859 46
0 2860 3587
0 2861 696
0 2862 2487
0 2863 1586
0 2864 2840
0 2865 2796
0 2866 2478
0 2867 1664
0 2868 2383
0 2869 26
0 2870 2388
0 2871 145
0 2872 20
0 2873 2967
0 2874 2580
0 2875 2945
0 2876 1110
0 2877 3109
0 2878 863
0 2879 2783
0 2880 3520
0 2881 1911
0 2882 1376
0 2883 3263
0 2884 2566
0 2885 1330
0 2886 3014
0 2887 978
0 2888 913
0 2889 3438
0 2890 872
0 2891 388
0 2892 3325
0 2893 2531
0 2894 171
0 2895 1368
0 2896 143
0 2897 2242
0 2898 495
0 2899 149
0 2900 1314
0 2901 3255
0 2902 233
0 2903 2798
0 2904 2590
0 2905 413
0 2906 486
0 2907 1198
0 2908 3695
0 2909 376
0 2910 338
0 2911 1417
0 2912 407
0 2913 314
0 2914 3097
0 2915 1520
0 2916 2302
0 2917 3044
0 2918 191
0 2919 2378
0 2920 3149
0 2921 1564
0 2922 1487
0 2923 1478
0 2924 2323
0 2925 824
0 2926 569
0 2927 1618
0 2928 2973
0 2929 2107
0 2930 1715
0 2931 2126
0 2932 882
0 2933 2749
0 2934 3421
0 2935 712
0 2936 636
0 2937 2122
0 2938 2189
0 2939 59
0 2940 1229
0 2941 1045
0 2942 918
0 2943 623
0 2944 308
0 2945 1947
0 2946 1158
0 2947 2746
0 2948 777
0 2949 3248
0 2950 126
0 2951 806
0 2952 917
0 2953 1577
0 2954 3259
0 2955 1325
0 2956 880
0 2957 1604
0 2958 88
0 2959 1145
0 2960 2937
0 2961 472
0 2962 2437
0 2963 1684
0 2964 1799
0 2965 3296
0 2966 737
0 2967 1693
0 2968 356
0 2969 1471
0 2970 1723
0 2971 2934
0 2972 511
0 2973 1732
0 2974 2042
0 2975 193
0 2976 698
0 2977 3673
0 2978 3083
0 2979 1386
0 2980 1422
0 2981 3621
0 2982 940
0 2983 2530
0 2984 3765
0 2985 1934
0 2986 105
0 2987 1167
0 2988 2212
0 2989 3419
0 2990 2459
0 2991 725
0 2992 3379
0 2993 3060
0 2994 1243
0 2995 2448
0 2996 2656
0 2997 3461
0 2998 3417
0 2999 392
0 3000 2042
0 3001 3257
0 3002 445
0 3003 72
0 3004 2433
0 3005 390
0 3006 390
0 3007 1887
0 3008 707
0 3009 1172
0 3010 1034
0 3011 1415
0 3012 3024
0 3013 2137
0 3014 515
0 3015 668
0 3016 2728
0 3017 3691
0 3018 3348
0 3019 2953
0 3020 3628
0 3021 3630
0 3022 1095
0 3023 582
0 3024 1734
0 3025 552
0 3026 259
0 3027 3703
0 3028 1172
0 3029 3150
0 3030 1033
0 3031 2254
0 3032 77
0 3033 3537
0 3034 740
0 3035 79
0 3036 719
0 3037 2618
0 3038 2494
0 3039 613
0 3040 1118
0 3041 2806
0 3042 802
0 3043 2479
0 3044 977
0 3045 1891
0 3046 282
0 3047 1646
0 3048 578
0 3049 1683
0 3050 2650
0 3051 1776
0 3052 1568
0 3053 3462
0 3054 519
0 3055 390
0 3056 2133
0 3057 88
0 3058 2640
0 3059 2929
0 3060 3026
0 3061 3605
0 3062 1829
0 3063 2086
0 3064 580
0 3065 3484
0 3066 2234
0 3067 924
0 3068 2089
0 3069 1484
0 3070 3301
0 3071 809
0 3072 588
0 3073 3153
0 3074 379
0 3075 2408
0 3076 2418
0 3077 2276
0 3078 1430
0 3079 3780
0 3080 1740
0 3081 2165
0 3082 2561
0 3083 3524
0 3084 428
0 3085 438
0 3086 1231
0 3087 1790
0 3088 2799
0 3089 2589
0 3090 2475
0 3091 833
0 3092 423
0 3093 2369
0 3094 3726
0 3095 1708
0 3096 1245
0 3097 571
0 3098 1798
0 3099 25
0 3100 1055
0 3101 2744
0 3102 1306
0 3103 2583
0 3104 1948
0 3105 1911
0 3106 1301
0 3107 2263
0 3108 2270
0 3109 1502
0 3110 1135
0 3111 1051
0 3112 955
0 3113 129
0 3114 2353
0 3115 2188
0 3116 3740
0 3117 2240
0 3118 2239
0 3119 3353
0 3120 3611
0 3121 1488
0 3122 1185
0 3123 90
0 3124 3609
0 3125 842
0 3126 1892
0 3127 3649
0 3128 156
0 3129 2432
0 3130 2365
0 3131 1810
0 3132 2605
0 3133 2146
0 3134 1070
0 3135 1708
0 3136 3383
0 3137 1377
0 3138 2347
0 3139 2557
0 3140 3416
0 3141 380
0 3142 1378
0 3143 3274
0 3144 2175
0 3145 3247
0 3146 2322
0 3147 31
0 3148 2825
0 3149 2767
0 3150 2311
0 3151 3099
0 3152 1059
0 3153 383
0 3154 3733
0 3155 1566
0 3156 3059
0 3157 1765
0 3158 1339
0 3159 2325
0 3160 833
0 3161 395
0 3162 333
0 3163 76
0 3164 2037
0 3165 1819
0 3166 1872
0 3167 2230
0 3168 948
0 3169 147
0 3170 803
0 3171 3246
0 3172 2827
0 3173 3580
0 3174 119
0 3175 808
0 3176 2186
0 3177 2887
0 3178 7
0 3179 1284
0 3180 2000
0 3181 3558
0 3182 2502
0 3183 1016
0 3184 848
0 3185 428
0 3186 3501
0 3187 1793
0 3188 3506
0 3189 1656
0 3190 540
0 3191 1682
0 3192 2151
0 3193 993
0 3194 684
0 3195 1930
0 3196 1347
0 3197 1454
0 3198 2760
0 3199 1339
0 3200 1178
0 3201 3195
0 3202 1274
0 3203 1218
0 3204 391
0 3205 1988
0 3206 127
0 3207 2364
0 3208 3209
0 3209 1841
0 3210 2792
0 3211 2067
0 3212 2198
0 3213 2450
0 3214 2370
0 3215 1582
0 3216 2778
0 3217 1599
0 3218 1200
0 3219 533
0 3220 1251
0 3221 891
0 3222 255
0 3223 1335
0 3224 2115
0 3225 751
0 3226 603
0 3227 1323
0 3228 1661
0 3229 815
0 3230 2541
0 3231 3239
0 3232 919
0 3233 2974
0 3234 1834
0 3235 2890
0 3236 2691
0 3237 432
0 3238 1413
0 3239 3502
0 3240 1557
0 3241 453
0 3242 185
0 3243 468
0 3244 962
0 3245 3660
0 3246 3757
0 3247 1160
0 3248 741
0 3249 165
0 3250 1085
0 3251 2036
0 3252 3074
0 3253 1187
0 3254 3527
0 3255 1606
0 3256 2909
0 3257 2578
0 3258 819
0 3259 1740
0 3260 722
0 3261 1009
0 3262 2311
0 3263 239
0 3264 1188
0 3265 3354
0 3266 2836
0 3267 266
0 3268 2839
0 3269 2557
0 3270 2489
0 3271 485
0 3272 1501
0 3273 2933
0 3274 1615
0 3275 325
0 3276 2531
0 3277 1401
0 3278 1966
0 3279 3129
0 3280 362
0 3281 2560
0 3282 871
0 3283 1182
0 3284 1027
0 3285 1819
0 3286 3080
0 3287 2266
0 3288 804
0 3289 3159
0 3290 565
0 3291 1071
0 3292 2964
0 3293 1960
0 3294 1665
0 3295 1738
0 3296 3401
0 3297 1987
0 3298 618
0 3299 3702
0 3300 3166
0 3301 3267
0 3302 2894
0 3303 374
0 3304 138
0 3305 3483
0 3306 3679
0 3307 1144
0 3308 1456
0 3309 2570
0 3310 3408
0 3311 1489
0 3312 1364
0 3313 1432
0 3314 559
0 3315 3641
0 3316 2676
0 3317 3400
0 3318 2744
0 3319 16
0 3320 2551
0 3321 3037
0 3322 2618
0 3323 1697
0 3324 617
0 3325 1151
0 3326 1224
0 3327 2724
0 3328 1801
0 3329 1642
0 3330 1365
0 3331 2839
0 3332 92
0 3333 63
0 3334 1930
0 3335 852
0 3336 7
0 3337 2689
0 3338 2733
0 3339 619
0 3340 2765
0 3341 276
0 3342 2914
0 3343 2292
0 3344 2598
0 3345 850
0 3346 1173
0 3347 665
0 3348 2118
0 3349 320
0 3350 1074
0 3351 2347
0 3352 171
0 3353 318
0 3354 3217
0 3355 1668
0 3356 163
0 3357 1183
0 3358 2634
0 3359 1414
0 3360 2373
0 3361 2647
0 3362 2202
0 3363 3148
0 3364 1776
0 3365 1869
0 3366 1181
0 3367 2832
0 3368 2777
0 3369 2472
0 3370 1200
0 3371 3454
0 3372 1795
0 3373 1573
0 3374 2642
0 3375 960
0 3376 2053
0 3377 3701
0 3378 2242
0 3379 3125
0 3380 2668
0 3381 3434
0 3382 2687
0 3383 2335
0 3384 2462
0 3385 742
0 3386 887
0 3387 1002
0 3388 918
0 3389 2218
0 3390 1002
0 3391 3031
0 3392 148
0 3393 2889
0 3394 1278
0 3395 3249
0 3396 2906
0 3397 1303
0 3398 3259
0 3399 2897
0 3400 1688
0 3401 3575
0 3402 2527
0 3403 2459
0 3404 3101
0 3405 988
0 3406 730
0 3407 1183
0 3408 629
0 3409 351
0 3410 3057
0 3411 1172
0 3412 472
0 3413 3508
0 3414 3145
0 3415 2587
0 3416 3492
0 3417 1311
0 3418 2736
0 3419 423
0 3420 1334
0 3421 715
0 3422 20
0 3423 911
0 3424 3158
0 3425 331
0 3426 1548
0 3427 3731
0 3428 1087
0 3429 1147
0 3430 453
0 3431 857
0 3432 1720
0 3433 3037
0 3434 1103
0 3435 3759
0 3436 1549
0 3437 3214
0 3438 1384
0 3439 1059
0 3440 2143
0 3441 1406
0 3442 153
0 3443 791
0 3444 2151
0 3445 1472
0 3446 2810
0 3447 2639
0 3448 1505
0 3449 363
0 3450 514
0 3451 1369
0 3452 2774
0 3453 3292
0 3454 625
0 3455 1696
0 3456 2181
0 3457 3101
0 3458 689
0 3459 852
0 3460 1875
0 3461 1736
0 3462 1204
0 3463 2274
0 3464 680
0 3465 3017
0 3466 2421
0 3467 2840
0 3468 2482
0 3469 413
0 3470 1012
0 3471 654
0 3472 1983
0 3473 1168
0 3474 3693
0 3475 2374
0 3476 858
0 3477 2113
0 3478 1812
0 3479 1475
0 3480 1437
0 3481 2618
0 3482 2118
0 3483 943
0 3484 3215
0 3485 265
0 3486 995
0 3487 1398
0 3488 995
0 3489 499
0 3490 2443
0 3491 1658
0 3492 1142
0 3493 968
0 3494 2370
0 3495 3336
0 3496 1816
0 3497 1973
0 3498 399
0 3499 2202
0 3500 1552
0 3501 1216
0 3502 2083
0 3503 2005
0 3504 971
0 3505 2841
0 3506 3435
0 3507 719
0 3508 2743
0 3509 216
0 3510 1305
0 3511 2568
0 3512 2322
0 3513 1532
0 3514 2607
0 3515 3259
0 3516 2289
0 3517 3452
0 3518 334
0 3519 3037
0 3520 1249
0 3521 808
0 3522 2754
0 3523 43
0 3524 192
0 3525 1858
0 3526 1835
0 3527 938
0 3528 3723
0 3529 2221
0 3530 1317
0 3531 1273
0 3532 2369
0 3533 465
0 3534 534
0 3535 1556
0 3536 324
0 3537 883
0 3538 1509
0 3539 1418
0 3540 1747
0 3541 728
0 3542 2203
0 3543 1280
0 3544 1062
0 3545 1980
0 3546 3104
0 3547 3057
0 3548 1281
0 3549 2063
0 3550 2649
0 3551 1520
0 3552 1206
0 3553 2308
0 3554 3631
0 3555 3214
0 3556 1986
0 3557 3719
0 3558 1028
0 3559 249
0 3560 353
0 3561 2376
0 3562 3661
0 3563 1448
0 3564 2634
0 3565 1906
0 3566 2143
0 3567 1499
0 3568 1652
0 3569 1178
0 3570 2325
0 3571 1949
0 3572 3546
0 3573 2370
0 3574 1406
0 3575 3762
0 3576 2517
0 3577 1358
0 3578 3234
0 3579 3348
0 3580 3131
0 3581 3035
0 3582 1630
0 3583 2548
0 3584 783
0 3585 2099
0 3586 3067
0 3587 179
0 3588 3574
0 3589 3425
0 3590 2401
0 3591 842
0 3592 2433
0 3593 1132
0 3594 3157
0 3595 3572
0 3596 2964
0 3597 1799
0 3598 3634
0 3599 959
0 3600 1918
0 3601 861
0 3602 2497
0 3603 498
0 3604 1607
0 3605 1425
0 3606 3140
0 3607 1751
0 3608 3118
0 3609 918
0 3610 2388
0 3611 1550
0 3612 3611
0 3613 2038
0 3614 813
0 3615 2444
0 3616 290
0 3617 2397
0 3618 77
0 3619 3343
0 3620 3663
0 3621 1706
0 3622 608
0 3623 1743
0 3624 920
0 3625 1042
0 3626 339
0 3627 378
0 3628 588
0 3629 267
0 3630 2751
0 3631 3545
0 3632 1000
0 3633 931
0 3634 923
0 3635 2262
0 3636 2396
0 3637 1814
0 3638 1309
0 3639 2817
0 3640 2212
0 3641 733
0 3642 980
0 3643 2093
0 3644 146
0 3645 2383
0 3646 3496
0 3647 3286
0 3648 1693
0 3649 1720
0 3650 2262
0 3651 614
0 3652 1353
0 3653 3156
0 3654 2670
0 3655 162
0 3656 3549
0 3657 3478
0 3658 544
0 3659 429
0 3660 3209
0 3661 2550
0 3662 3306
0 3663 976
0 3664 430
0 3665 2464
0 3666 2566
0 3667 1803
0 3668 1427
0 3669 2496
0 3670 2185
0 3671 116
0 3672 3319
0 3673 954
0 3674 2969
0 3675 1292
0 3676 640
0 3677 2419
0 3678 2660
0 3679 297
0 3680 2309
0 3681 2443
0 3682 605
0 3683 3291
0 3684 1177
0 3685 1099
0 3686 247
0 3687 321
0 3688 804
0 3689 3588
0 3690 49
0 3691 395
0 3692 24
0 3693 2625
0 3694 51
0 3695 2062
0 3696 2134
0 3697 2835
0 3698 3330
0 3699 1956
0 3700 914
0 3701 1251
0 3702 1724
0 3703 2635
0 3704 271
0 3705 1809
0 3706 3255
0 3707 3733
0 3708 3304
0 3709 575
0 3710 3651
0 3711 2010
0 3712 2371
0 3713 721
0 3714 3496
0 3715 1963
0 3716 3023
0 3717 2806
0 3718 1149
0 3719 850
0 3720 1208
0 3721 382
0 3722 1199
0 3723 176
0 3724 785
0 3725 2111
0 3726 107
0 3727 3719
0 3728 3388
0 3729 755
0 3730 1406
0 3731 1222
0 3732 938
0 3733 974
0 3734 684
0 3735 1167
0 3736 2418
0 3737 1086
0 3738 283
0 3739 3370
0 3740 2966
0 3741 397
0 3742 1498
0 3743 1285
0 3744 1243
0 3745 1606
0 3746 2704
0 3747 1784
0 3748 2132
0 3749 1762
0 3750 346
0 3751 2348
0 3752 2334
0 3753 508
0 3754 3583
0 3755 1642
0 3756 3037
0 3757 2704
0 3758 273
0 3759 3573
0 3760 605
0 3761 59
0 3762 2306
0 3763 1333
0 3764 718
0 3765 3383
0 3766 2107
0 3767 3595
0 3768 1858
0 3769 1694
0 3770 2345
0 3771 3686
0 3772 1147
0 3773 471
0 3774 2336
0 3775 1773
0 3776 1205
0 3777 1411
0 3778 3623
0 3779 3581
0 3780 439
362
135
1087
894
1879
1510
1072
3462
3662
896
1221
1937
885
1230
2213
3651
196
3768
871
3695
1582
3637
1317
1026
3249
1983
1539
3674
312
80
1335
2797
3570
2562
2851
280
3721
395
1746
378
3052
826
2002
793
910
696
698
916
3357
654
1038
797
2550
1882
1155
3649
3677
2321
601
2892
2322
2020
1050
1839
81
1905
2812
513
2856
1636
1362
2607
2811
1189
3147
1080
425
464
1911
467
960
164
2759
1588
177
892
2511
2898
3105
1204
2214
2325
2743
282
3168
1951
2595
1000
1883
742
3722
2609
840
438
1167
1626
83
773
3582
1327
2857
3114
2603
1854
2893
2250
1464
1703
2885
1872
1702
1312
271
776
714
584
12
1598
3736
2454
430
1772
2012
475
1820
945
2732
272
1538
779
2004
57
1260
