99923 499905
77359 80354 523569765
83529 80261 735690659
92324 51435 977582456
33596 4463 404742629
89567 15587 308357966
24738 7816 883517761
70762 32489 6114582
64773 77198 620837857
84871 40208 239206517
93334 65736 806804787
44773 42503 809163809
68510 94990 648597736
77861 60027 945863946
1326 53741 548666853
17790 70702 565245939
71121 23626 897062739
95146 31269 541268333
60971 76473 346130346
39866 69305 97942555
2450 17047 574406428
37551 41702 562055406
40128 48567 2128379
56604 545 938616974
9235 58594 276513918
28186 74001 147517359
4752 63557 117009751
6301 65523 418094414
11776 16774 235277612
92875 4147 156378560
92692 75387 55517368
14462 32063 64786229
51566 63666 13925254
53030 29070 859487605
90027 61386 59148115
44144 58279 473958886
73805 30765 249550352
34551 48570 614578965
39267 49717 63087886
31367 77678 143709618
92662 30843 955713730
7183 90832 74988189
76951 47483 823710406
30953 6947 635595766
92415 88542 665321194
98778 121 414642506
19801 58519 642994296
67946 3792 667853102
81364 61662 532262385
31033 71956 997668376
49929 51876 96718935
37371 40530 616627718
11366 61565 236838891
62806 63945 11769611
92946 18104 563333360
49085 45964 960480580
25413 18588 578858935
53712 25734 899773686
60145 2428 680926787
14087 96640 330703385
78659 79773 210945727
65385 40072 671549355
9664 9779 784350958
36431 68593 197848257
27440 14689 2278163
22200 33941 721273026
17086 45769 280220910
38333 37778 368437275
15496 94630 724952541
30606 76880 308713635
90932 27742 662426039
22672 54331 509676730
4919 76153 82466651
50804 12853 720001317
52876 78281 300429726
88899 28966 551713753
5538 85430 20034458
60631 67556 521125734
36412 43951 827801404
68810 25272 446446218
82654 70831 643642868
44172 16920 583825652
59721 77167 533333823
55395 83972 152460244
45061 81251 401323892
18450 83516 198080187
12760 11876 914156814
53768 60168 439091023
92656 95123 38132728
27008 13559 851735232
38360 91107 206573326
58663 40813 277489869
8864 36413 47267886
4815 64271 641819049
72471 81949 35378972
79503 15473 96060202
12953 92719 794356789
98414 20954 49259689
92282 45238 939525614
82830 70111 196696863
13854 60889 158937203
47258 93527 12314737
45787 10763 359374310
36381 84305 723523766
29949 21752 492102332
81639 14932 59180900
71248 87977 672756359
55193 22678 967796746
79409 91002 87747237
39870 80433 510986990
37979 68323 515933356
50339 83769 587428585
46975 78981 85096
53637 43595 345974234
828 88287 995208986
43861 7692 251480040
94993 73957 304655853
83081 38186 812933387
8556 67755 187626292
56899 47605 467537482
63979 33298 752901469
5965 53358 293477345
83067 38427 71557478
82204 43631 635696820
99037 56120 288553618
88049 23554 397500287
3445 23671 536441141
98789 6129 351066187
19855 4612 621257495
19507 84718 341563299
25803 63926 163448266
52068 72843 574176131
6897 3548 429398291
69047 26151 373472703
12682 64881 163646451
69958 94045 799562471
69916 44676 142493156
95790 36132 917948770
9432 70959 153246651
59466 46418 32631655
56107 80431 58975721
25196 9702 500267243
56616 96298 676599759
86061 82894 739939868
31449 73084 529760303
17796 57227 534931341
2049 15859 6294962
88907 7625 743071988
40014 70397 894107866
65259 55810 511286530
18542 50058 711896656
71157 88841 772480134
72052 99872 715789455
28132 6802 768318633
78269 52398 570494982
81588 41380 137176471
3 34498 735542520
99702 21115 990290573
56867 52869 850144743
26150 46458 416479517
34081 50700 351938215
2057 77199 342687749
80091 4729 488735480
85617 68509 27798553
61360 53605 490711634
37817 72629 858157196
2211 61892 575994438
10076 15134 442434638
7169 54609 719015146
45953 67478 268175554
13277 73310 232991218
25380 23263 92375984
34239 49491 555157225
28794 3351 562222393
39337 4453 241441658
64977 16432 513013668
6811 86269 656173868
21724 45761 384187486
1547 95501 69514194
82750 81565 846068725
6200 53547 620733038
44190 70482 287594426
9349 9701 61170878
8849 24058 721528140
60405 74518 779705244
19826 5831 807584050
82820 95103 102272862
89025 9693 436098072
85310 40427 227210092
15224 5396 858624242
80638 35602 844955311
65509 32088 354538936
97974 83894 974726195
56905 59258 606296580
73864 43334 176929151
93117 66367 531215147
90174 97429 408046942
41659 14004 484938564
71510 48216 46714827
22984 13744 79707630
38583 93429 14899430
52987 4354 58522380
79085 27586 171010803
11094 61401 798798496
33001 7589 547235326
11411 20008 446623552
20489 21150 589254489
21964 4900 734302182
42096 7428 263703586
99047 91032 580614871
40211 99317 424383510
64657 62853 733519437
91154 27358 689027177
18716 76955 615811436
58989 46184 96277111
20464 87800 678331821
45910 33109 666229266
37021 26784 785033460
97691 22689 314371997
95945 33317 69284463
80159 23471 216869244
72166 84245 995072930
7932 37478 183884994
40652 76439 12652913
42152 72354 60437210
65965 33057 307542639
89675 52115 221878968
79463 77273 5034909
46842 6980 58114607
13799 8041 781523351
581 38218 952512501
50237 77558 326563957
70205 75905 801571323
98332 7250 9020541
72538 22554 660169345
62298 12694 2784759
99070 98297 669045125
41681 4850 42018544
87533 83884 508228196
26958 86646 962490249
64007 95172 372392871
87053 62593 785694295
98675 19957 996539682
83093 36721 593171960
99152 9096 337063051
90410 28830 669763476
55251 35228 277355619
1537 93220 64528457
69499 10715 35881168
839 32501 228015772
20765 31212 140440991
34193 99848 524178077
51157 5596 661178942
45314 96813 201461655
61100 60337 944043522
13294 63935 903500876
93264 9097 60891952
49523 79278 889072245
17500 90787 219609584
32876 454 220131758
46209 44390 683656373
77128 85509 48921085
51575 25977 96612604
63382 59694 35088694
96379 97844 728181309
60602 57273 722979488
42866 8174 943661598
15548 21132 602303260
51634 44722 61764302
29884 25282 516869015
79427 84900 489794867
9739 72539 231518468
42650 87075 760659132
84792 65373 462577006
93766 75745 870922574
58145 16190 900384064
88027 42040 919407002
46508 80156 878362242
98268 86507 127888391
76328 62139 240600031
61541 73590 337111359
27645 59861 698671704
43693 75119 786610870
50910 34297 639802672
2699 73362 615679491
42735 52592 674142002
36155 64286 520086520
23123 54544 776823084
9867 82057 270499281
44360 5008 306900034
86223 32730 3402108
68172 84432 885645585
14605 10053 782486583
20078 37593 904239111
33241 38532 15350673
24438 27773 31408123
9650 77857 819883003
15368 35758 687508329
13330 46201 835544586
51645 57435 164845225
88296 10013 224897181
80584 85997 58011180
66530 2750 469672553
59720 73983 316673139
48326 79506 131098388
27070 94181 877229084
70191 89858 318662691
65938 75591 195113042
11416 20311 942554763
75263 76488 723504325
67092 88247 535839120
32669 72171 111170859
72812 59216 587741280
49011 74416 167780414
67161 57935 726398393
85858 60737 911792090
41503 94520 887214892
84909 58697 153669700
15628 9427 270032536
21228 18949 111542384
37100 3280 145943453
98342 9878 573402070
62236 716 282166257
54111 37491 831770765
16836 96237 279430306
14135 85348 707576605
11346 53849 367920834
72645 74409 119236759
85281 68787 991467795
12867 81345 191658875
34115 91939 873634675
2784 72604 33049270
9877 68142 456771889
82481 98346 380192084
77867 9622 818356086
2373 91467 187974350
93434 94023 762429811
45317 43371 757032337
17571 64483 12049669
89983 6515 121524287
32060 90726 748624375
62010 41544 47847516
77131 35883 169420621
21997 84126 512141341
22897 93668 165244485
14661 59665 317159650
62491 17041 293381855
2995 99095 806102728
14330 67142 48931449
51639 73492 48640942
58393 53567 524066815
43401 39725 168956297
81421 51854 248666231
97008 75933 770137999
70499 66412 640092255
50330 81938 344569438
43488 87086 298200303
77075 54184 805442928
97614 56152 928774552
38590 76122 355713104
61717 10201 542043296
17707 58841 20668707
45090 88848 572991606
63907 3727 414052129
1521 59047 749481482
88210 27699 223543406
64788 61983 22711201
90642 6050 49176521
12936 74659 48471880
2591 13683 885152152
2180 82745 532575160
70497 24677 361595635
3213 27928 773719392
20780 9564 955574013
7151 1775 366896892
94584 59954 582113597
45193 12953 61490027
22501 80716 240952644
24451 13063 213543030
13902 89195 618549884
222 31556 587022561
36399 16698 205386674
71520 82152 275211645
42411 47913 839413486
26360 72462 113118493
52035 42065 674204436
92855 11652 981156158
43362 26140 896166727
82715 73129 834090066
74973 66689 48474057
79632 41271 468962631
69157 60347 897009638
34262 31086 24141954
45218 15982 767539077
10037 83556 924891957
27447 5826 43841452
19658 15717 344713662
42324 45121 903641494
17439 21374 543953812
59526 22609 580735552
14128 53557 612399423
5402 31761 961159644
23268 72912 967223488
73443 17453 40057707
954 96293 773343163
75101 16244 828506684
2195 21072 853645515
37117 15172 145011976
57859 25503 308825909
58413 89214 631125510
39098 64266 580629481
38165 38021 834165818
58450 74872 94514979
25108 87925 252011588
26791 41670 847426725
72061 66382 128009184
19824 15210 516659816
90280 11287 773339852
66601 50449 578568257
46180 61182 704811606
32526 48629 237928452
14660 13827 153291074
23465 85075 252643772
56042 28771 552634256
77604 4592 471226402
51343 72794 912892840
39756 77348 700482517
46651 64310 525545878
40208 46505 63800426
65527 53582 103463518
64920 46771 341833809
86326 30596 897272934
45678 91924 571780566
98360 11200 59226408
12350 14183 58091124
67051 11492 490706734
29828 6548 835350669
20995 20758 624283495
76683 79252 7236139
96683 13859 793129776
37658 89330 821576240
88863 61959 124061053
8244 4194 43033292
6560 6352 712403753
24743 60232 223856851
32 34321 191129166
83288 37201 98912699
98983 61434 723957369
30368 70315 447174370
1562 73994 296451379
13478 34674 732273093
37400 34586 69886649
97874 16481 793219747
24290 55590 577325943
25192 8370 486976355
86740 77993 218020808
94006 21096 931317147
19216 90604 655923335
52224 46666 510391063
65355 81927 336866668
34406 51642 134453675
75721 84017 716757422
22741 20223 59517366
4504 64696 686557309
71709 48860 380478894
37895 78352 345351425
9268 57464 735428558
43876 82350 57494170
58240 41664 528308778
45574 30146 548177834
77931 66298 735430351
69120 31495 886835078
67667 48053 951265906
83396 85835 110935394
41744 47508 170904218
2944 15512 93999895
61224 74229 904022968
22943 97089 160122987
50751 41796 95621842
97705 41304 324500685
26489 28186 333467511
73025 75746 524143961
54170 63540 147355700
23819 32131 941507982
5980 45027 540350092
79712 48747 63365000
8390 16388 232817001
91677 85514 527384060
43198 3633 484155307
27141 85900 587267574
93069 34692 938149159
45735 42778 881057749
56115 66326 219045409
39367 63344 49905982
99493 6859 683736567
13107 56864 187904398
31640 77402 337767649
43834 25678 4538892
29768 9001 12932841
93835 60609 247703618
27421 19342 974073452
87738 19118 508472572
94421 512 71150318
3237 76502 656351761
88167 956 506719375
80403 27756 456699445
45523 38140 79836922
14367 99838 538652179
14964 72958 476381744
56850 74808 10326127
72714 26467 923624712
57113 21718 32881669
13598 58147 288631624
84162 31238 925205530
78800 11209 598684156
94848 20822 216493843
70100 36425 286717899
49626 77879 713535046
62162 85373 925192170
94264 92734 818286634
15021 57334 386461137
86550 82690 853832014
1517 81998 476785236
50759 77362 752401961
22545 18325 670107828
94152 78077 299803129
84928 51944 159979431
48185 26492 957212657
20601 96428 655752760
46366 57753 56640779
56319 3390 415237610
54992 33704 503226559
6136 9740 528458019
87324 14124 371068613
67630 40250 544895842
12928 89673 676862107
2078 41742 374927535
48933 11548 800139886
57684 15458 854167849
84412 59614 634208954
26722 23948 498545000
13716 60104 544660952
64910 38685 166839973
60544 47732 246210086
48521 48802 968371659
97610 30898 903043769
97572 27551 751897262
74743 20847 88420649
64427 79032 725590966
41989 38433 477159115
10075 97995 888085902
40874 54419 999913018
90113 8622 444494346
91878 5658 93992525
84575 40134 353241839
56591 7277 182517820
30885 58742 388162464
88796 41740 151990201
87153 73470 832406823
46449 2387 618593924
61263 2657 76196242
22421 15506 970538338
4652 5645 767107504
41435 17840 665636368
40534 28610 317013592
25404 1981 693309543
64186 68050 351837779
6656 1098 683388377
92189 58857 999776013
84936 59190 942557090
7870 87139 685481984
89282 56672 75974013
75112 46651 816219513
89953 61381 685273707
82194 72049 182062654
37408 48056 601821451
19848 77974 644310209
1937 41814 505258306
75821 90410 746876334
4422 92628 156754869
50280 16365 914259913
68396 83516 431664553
66159 80637 32350884
90860 37674 500900234
43328 41258 856279961
40482 84986 519414044
41219 21151 318401763
66665 82648 125442101
78927 11467 453393752
56081 34540 986988142
19685 52778 44329600
89532 20949 508080836
3026 87733 161867864
65258 64009 118327060
34856 8178 154011811
97438 35567 195978049
72862 5708 111099586
57955 20608 723003036
30067 94763 771963525
56341 18157 759982152
97894 25449 463491625
56861 12821 284263928
39381 10929 64946454
42707 3691 689043721
43546 45797 160834374
93731 37254 182472080
27236 40156 479751541
28963 77848 183607800
45449 83149 553319688
4815 27830 393427075
64465 56887 282180757
21388 74776 295620648
19533 14473 198051190
3924 28516 612471404
76665 91600 100026437
28299 96583 42094461
29322 49557 429913179
85942 94993 791960553
43358 29978 760912510
11782 71391 830807207
38523 55682 882961443
37304 76863 273887717
27837 57102 71606969
57408 7376 946362987
95788 28043 825383108
28562 7247 913990618
39100 41081 998873110
91795 71323 186153659
80523 9883 74799530
88167 55655 945624874
17119 87403 113298236
22534 70849 995822048
14141 19795 125146742
94980 81580 587952179
63402 48484 314394574
95815 2841 514281183
6084 13040 851624112
7896 20325 293234637
97542 18083 142699641
72759 99851 42672197
92516 38966 898467445
59899 86032 852568345
11790 26285 459651008
29199 38462 312250213
8187 89938 961032797
32790 38763 948502279
67446 85386 404135073
52434 15522 204729805
31290 74580 226143718
83819 52380 504332561
18751 87311 150838243
76662 14118 213385303
88604 25867 35132343
45324 15797 242045887
22778 77763 97338609
88 64626 395941584
58335 24255 18502883
91358 31232 749124508
31375 590 207385029
23673 78616 84202318
79376 23945 725902894
95907 46601 17179066
43336 13795 32035030
74905 84294 435897707
76368 19099 907175604
14114 9619 172230258
38979 54999 524653127
93819 84880 27825764
19133 52154 24185510
12300 42848 589282894
16972 77634 253302257
15228 68639 163872269
92650 94268 756753498
37408 6941 16053624
84953 50781 628395289
34255 24071 323121784
41643 17683 534284000
56579 30705 780014966
88227 24563 673693337
70437 32794 824508981
8084 66662 699766359
15206 65813 460465293
2152 50959 912691952
44556 43449 185571557
55672 75815 190018090
69593 56073 512440980
71925 43229 215969273
25975 24240 38943099
53547 4905 542847869
67168 96528 904939258
530 67899 137028033
66444 41821 835852869
41515 94939 228122772
34317 84581 562417586
46055 89009 433255823
55493 63757 359219765
57399 5636 959298749
20237 9709 109699800
61294 32157 304357624
35231 84034 6924395
28462 33393 774017058
94387 24315 20899315
35364 30665 78621993
79948 442 979762444
88074 1612 592999043
42711 32695 560259473
6514 26929 869315759
44846 73355 10172398
79343 49708 242675607
60164 65892 963675615
12420 56428 76531770
95197 28311 82003317
70036 46675 45394603
57640 72302 851626777
36424 54600 683687755
16292 61718 972584071
99093 69015 391170279
25894 40306 365372291
48792 86007 782353384
43273 96601 658279134
10901 14627 312823732
6128 16580 163653883
20264 70231 787158389
47005 11983 179137080
57680 13121 475244275
87751 32905 584993534
52176 37546 343296489
45652 68134 77458199
38462 80230 810881574
19167 48663 980139697
47349 11693 63834514
64835 99496 637555973
52394 2001 632977511
30863 3138 797088219
97791 15368 221437674
20219 76264 387077898
41545 54804 549220271
79418 14758 277527776
12542 38373 113796179
81533 89459 939729950
89031 27103 787066689
10861 15974 271640549
30211 84653 735830173
709 60686 234147068
11203 45202 594365399
52122 49938 306986112
47072 51822 45199310
39601 74340 353926998
5861 37106 916853438
69889 76636 271422866
23934 52903 790482154
48153 39794 36654860
6278 100 352960806
99680 46447 883529331
48803 41855 971736474
75700 24500 845360075
41558 91287 631204950
86305 23410 626062530
96678 86091 428111945
44862 93560 645027168
38527 34739 467880110
67929 66903 181445341
18450 7643 698276805
15134 92048 632330846
7248 78202 116934563
42204 29888 572710661
75855 20166 745603611
19008 38303 486861407
13150 52100 306228581
11909 25689 893378240
29255 86666 348281113
85215 18683 354871128
48654 49579 330392935
89263 74005 72338508
20129 59900 522333550
34599 65383 455754160
41364 87013 805877763
40906 50909 71360274
61457 12082 230663855
53497 13593 930646224
99416 58760 184582119
81566 47104 905368832
36082 12095 299224568
45092 67839 381602919
51100 12685 621930690
19791 50606 102204860
27982 4846 627757312
23861 24418 490254479
89062 50394 864307376
90293 59105 295762565
85016 36033 266374551
73149 39237 560368073
57182 41122 646281378
75341 28615 81651778
88275 60064 629725205
59619 89190 36227331
697 25008 59474590
64234 51077 731582709
98505 25558 770108484
66724 56062 34435526
64169 37225 90619150
86814 67031 64098764
24192 68684 586571931
57618 94603 807513126
5143 29594 63853261
30294 71586 489121652
36144 46240 494128248
78330 55437 689652926
27806 54568 686740738
53319 12630 50973141
1283 3662 855511651
95887 84042 883081956
23379 31755 815969237
87203 60597 572909252
90522 97357 321106932
82194 15735 202674153
94032 79435 577985120
5964 71177 199822791
98045 98665 690121878
84459 62516 890278676
38112 95540 795733745
71348 33769 319395030
81264 21537 670061832
35485 59924 394507167
19469 43570 401843605
57219 71015 716512208
16161 22480 602176824
5113 3041 308339635
64759 60455 88064575
10012 22576 451899301
32365 97719 81091721
88691 68233 123896898
71129 7893 739622269
32957 3161 70547091
43281 85008 979570241
86988 78025 925766952
63084 85690 878064409
25224 61855 947951142
28397 83593 206864236
88296 52168 809365697
12886 86859 908946453
66492 10411 175228114
17678 59038 163248708
43431 27248 164827983
54276 59515 530315815
24381 84482 667915956
37648 1513 430246672
60097 96216 78089313
65482 99392 150828630
45995 84451 587718463
21313 90154 825196689
61374 3717 448063217
20669 6418 724087985
58872 49273 169356255
8095 50789 253328829
37581 72028 282677198
46408 80621 706217965
41154 12111 942325436
78215 34269 27375505
85187 63468 448958058
19725 90902 144248100
24154 15861 616717551
69520 27038 58746715
4227 79646 510359851
68192 65037 192788
79700 8958 541726686
91074 78402 568508557
63490 97890 196690494
96378 60183 938020075
6723 11986 38934292
55655 89248 369680414
39282 47837 36221124
55455 31252 357618258
72003 2944 764704719
63121 59790 624166403
32013 17707 538527541
98288 84082 97109171
30605 6415 232484057
17408 18033 600899870
92384 41126 742208649
85048 75169 918068209
26948 69721 497842890
54310 16012 628093501
45634 4183 176351545
57547 8652 722705937
89435 11645 634055815
1365 69580 369776784
14357 41376 377450177
92702 16644 728391499
28010 44610 560842937
54509 33028 353451651
72891 36526 753044457
3489 47637 317541677
52803 81049 7527461
85670 86333 394553722
34514 49885 829469741
12609 57773 265915529
68518 35504 270384355
19374 51603 51753392
9323 6300 88623004
94348 92130 686175503
57140 2066 204440273
6645 71988 282064922
32392 32765 410596149
81826 18816 262360914
6470 67508 787358643
42610 96059 157679925
82831 87708 330132527
80870 15933 470615955
31217 30176 689030759
18189 60278 649714853
52323 88085 579810390
66478 10990 586794072
41619 63426 163764606
95502 56736 850390171
21383 27183 240707586
26350 8495 238230239
85081 208 13700775
6563 44434 61029977
60907 96439 78870495
92617 53813 983066399
21826 19362 926927213
74125 99218 750392991
12624 53224 159747322
58915 2909 62997613
11878 5299 813195799
12257 6376 811508738
75553 40481 46380325
93892 32663 73744308
50206 58734 393454127
19812 86963 367703851
68169 22923 150353881
7135 98046 42386316
51 21484 491030838
10771 12375 942159223
36781 64757 306933579
53514 20693 793650774
82005 71912 132798435
31154 7920 571149184
74920 99737 853896052
30531 36021 71867668
10442 30770 409001135
84982 97180 476050386
66901 39329 329039280
72958 63377 114181711
35628 69749 782256288
90578 87013 368560306
7321 80321 46820835
15385 71829 268094305
84041 25046 684892786
76970 83107 223066939
16481 5790 263628358
79361 62412 887603887
72762 67284 256756708
83755 24861 432848585
59989 5950 936529110
62330 57404 232676364
45129 16249 764141211
91191 66688 976223349
27798 27488 752539473
19176 70021 878471393
3018 93571 4917538
61977 51260 131802584
39301 45888 1699791
21929 58240 877231909
26302 84630 319727329
12062 31445 138813697
91424 52873 739983525
72794 90953 484921138
84981 89875 469995565
2242 69750 53379309
76777 49901 368713381
7044 36810 666693034
49679 20731 43757364
91968 72475 550229196
67208 35437 512573552
73254 89361 70221894
58288 20370 526543933
84607 12942 110456798
25216 67197 456937282
87723 11708 891180234
23740 56227 480777651
59721 14552 728148705
70947 35852 477098053
12336 88631 422318736
30508 71927 146151167
91046 16515 670165003
6738 53680 432292735
51848 68259 41716357
27781 16764 396589093
44611 4296 928575525
17054 35551 386131604
71333 50343 730065374
48867 19601 129409719
48788 13592 989113682
29903 17801 961241936
92380 54453 904725159
50226 77657 693030327
18464 9678 729949273
223 11837 91219286
21537 10493 693592258
36049 66926 804200793
23464 83191 107695067
62511 23471 638545920
50111 55626 267843012
19813 8321 420413088
11411 82790 863482999
2